0.00671097 0.714562
0.00633148 0.675498
0.00592085 0.642622
0.00556165 0.614581
0.00530022 0.589248
0.00504108 0.566815
0.00475643 0.543609
0.00443697 0.514407
0.0040919 0.489654
0.00390798 0.468188
0.00362578 0.445755
0.00354157 0.421969
0.00329972 0.398956
0.00316484 0.37633
0.00271643 0.351383
0.00258836 0.328176
0.00240363 0.306904
0.00225978 0.283504
0.00205387 0.259137
0.00190437 0.238639
0.0017587 0.21872
0.00163223 0.202089
0.00139995 0.184877
0.00127799 0.1696
0.00121237 0.151421
0.00103977 0.137498
0.000969257 0.124347
0.000915191 0.11139
0.000776105 0.0994005
0.000719304 0.0899246
0.000606472 0.079095
0.000569154 0.0688455
0.000402704 0.0595629
0.00029423 0.0514407
0.00029423 0.0431251
0.000234093 0.0369368
0.000234093 0.030555
0.000204409 0.0270741
0.000201818 0.0218526
0.000182491 0.0175981
0.000152167 0.0131503
0.000103464 0.0108296
7.68584e-05 0.00966931
7.68584e-05 0.00773545
7.68584e-05 0.00618836
4.24263e-05 0.00464127
4.24263e-05 0.00367434
0 0.00232063
0 0.00193386
0 0.0013537
0 0.000966931
0 0.000386772
0 0.000193386
0 0
