0.000580159 0.714562 6
0.000580159 0.675498 7
0.000580159 0.642622 8
0.000580159 0.614581 9
0.000580159 0.589248 10
0.000580159 0.566815 11
0.000580159 0.543609 12
0.000386772 0.514407 13
0.000386772 0.489654 14
0.000386772 0.468188 15
0.000193386 0.445755 16
0.000193386 0.421969 17
0.000193386 0.398956 18
0.000193386 0.37633 19
0 0.351383 20
0 0.328176 21
0 0.306904 22
0 0.283504 23
0 0.259137 24
0 0.238639 25
0 0.21872 26
0 0.202089 27
0 0.184877 28
0 0.1696 29
0 0.151421 30
0 0.137498 31
0 0.124347 32
0 0.11139 33
0 0.0994005 34
0 0.0899246 35
0 0.079095 36
0 0.0688455 37
0 0.0595629 38
0 0.0514407 39
0 0.0431251 40
0 0.0369368 41
0 0.030555 42
0 0.0270741 43
0 0.0218526 44
0 0.0175981 45
0 0.0131503 46
0 0.0108296 47
0 0.00966931 48
0 0.00773545 49
0 0.00618836 50
0 0.00464127 51
0 0.00367434 52
0 0.00232063 53
0 0.00193386 54
0 0.0013537 56
0 0.000966931 57
0 0.000386772 60
0 0.000193386 64
0 0 1.79769e+308
