0.00544974 0.783021
0.00544974 0.782827
0.00544974 0.782634
0.00544553 0.782441
0.00544553 0.782247
0.00544553 0.782054
0.00544553 0.78186
0.00544553 0.781667
0.00544553 0.781474
0.00544553 0.78128
0.00542378 0.781087
0.00542378 0.780893
0.00542378 0.7807
0.00542378 0.780507
0.00537048 0.780313
0.00537048 0.78012
0.00537048 0.779927
0.00537048 0.779733
0.00537048 0.77954
0.00537048 0.779346
0.00537048 0.779153
0.00537048 0.77896
0.00537048 0.778766
0.00537048 0.778573
0.00537048 0.778379
0.00537048 0.778186
0.00537048 0.777993
0.00537048 0.777799
0.00537048 0.777606
0.00537048 0.777412
0.00536498 0.777219
0.00536498 0.777026
0.00536498 0.776832
0.00536498 0.776639
0.00536498 0.776446
0.00536498 0.776252
0.00536498 0.776059
0.00535195 0.775865
0.00535195 0.775672
0.00535195 0.775479
0.00533774 0.775285
0.00533774 0.775092
0.00533774 0.774898
0.00533774 0.774705
0.00533774 0.774512
0.00524997 0.774318
0.00524997 0.774125
0.00524997 0.773932
0.00524997 0.773738
0.00524997 0.773545
0.00524104 0.773351
0.00524104 0.773158
0.00524104 0.772965
0.00524104 0.772771
0.00524104 0.772578
0.00524104 0.772384
0.00524104 0.772191
0.00519112 0.771998
0.0051507 0.771804
0.0051507 0.771611
0.00511978 0.771418
0.00511978 0.771224
0.00511978 0.771031
0.00511978 0.770837
0.00511978 0.770644
0.00511978 0.770451
0.00511978 0.770257
0.00511978 0.770064
0.00511978 0.76987
0.00511978 0.769677
0.00506995 0.769484
0.00506995 0.76929
0.00506995 0.769097
0.00506995 0.768904
0.00506995 0.76871
0.00506995 0.768517
0.00506995 0.768323
0.00506995 0.76813
0.00506922 0.767937
0.00506922 0.767743
0.00506922 0.76755
0.00506922 0.767356
0.00506047 0.767163
0.00506047 0.76697
0.00506047 0.766776
0.00506047 0.766583
0.00506047 0.766389
0.00506047 0.766196
0.00506047 0.766003
0.00506047 0.765809
0.00506047 0.765616
0.00506047 0.765423
0.00505871 0.765229
0.00505871 0.765036
0.00505871 0.764842
0.00505871 0.764649
0.00505871 0.764456
0.00505871 0.764262
0.00505871 0.764069
0.00505871 0.763875
0.00505871 0.763682
0.00505871 0.763489
0.00505871 0.763295
0.00505871 0.763102
0.00505871 0.762909
0.00505871 0.762715
0.00505871 0.762522
0.00505871 0.762328
0.00505871 0.762135
0.00505871 0.761942
0.00505871 0.761748
0.00505871 0.761555
0.00505871 0.761361
0.00505871 0.761168
0.00505871 0.760975
0.00504581 0.760781
0.00504581 0.760588
0.00504581 0.760395
0.00504581 0.760201
0.00504581 0.760008
0.00504581 0.759814
0.00504581 0.759621
0.00504581 0.759428
0.00504581 0.759234
0.00504581 0.759041
0.00504581 0.758847
0.00504581 0.758654
0.00504581 0.758461
0.00502887 0.758267
0.00502887 0.758074
0.00502887 0.75788
0.00502887 0.757687
0.00497163 0.757494
0.00497163 0.7573
0.00497163 0.757107
0.00497163 0.756914
0.00497163 0.75672
0.00497163 0.756527
0.00497163 0.756333
0.00496105 0.75614
0.00496105 0.755947
0.00496105 0.755753
0.00492455 0.75556
0.00492455 0.755366
0.00492455 0.755173
0.00492455 0.75498
0.00492455 0.754786
0.00492455 0.754593
0.00492455 0.7544
0.00492455 0.754206
0.00492455 0.754013
0.00488202 0.753819
0.00488202 0.753626
0.00488202 0.753433
0.00487473 0.753239
0.00487473 0.753046
0.00487473 0.752852
0.00487473 0.752659
0.00487473 0.752466
0.00487473 0.752272
0.00486448 0.752079
0.00486448 0.751886
0.00486448 0.751692
0.00486448 0.751499
0.00486448 0.751305
0.00486448 0.751112
0.00476333 0.751112
0.00476333 0.750919
0.00476333 0.750725
0.00476333 0.750532
0.00471628 0.750338
0.00471628 0.750145
0.00471628 0.749952
0.00471628 0.749758
0.00471628 0.749565
0.00471628 0.749371
0.00471628 0.749178
0.00471628 0.748985
0.00471628 0.748791
0.00471628 0.748598
0.00471628 0.748405
0.00471628 0.748211
0.00471628 0.748018
0.00471628 0.747824
0.00471628 0.747631
0.00471628 0.747438
0.00471628 0.747244
0.00471628 0.747051
0.00471628 0.746857
0.00471628 0.746664
0.00471628 0.746471
0.00471628 0.746277
0.00471628 0.746084
0.00471628 0.745891
0.00471628 0.745697
0.00471628 0.745504
0.00471628 0.74531
0.00471628 0.745117
0.00471628 0.744924
0.00471628 0.74473
0.00471628 0.744537
0.00471628 0.744343
0.00471628 0.74415
0.00471628 0.743957
0.00471628 0.743763
0.00471628 0.74357
0.0046948 0.743377
0.0046948 0.743183
0.0046948 0.74299
0.0046948 0.742796
0.0046948 0.742603
0.0046948 0.74241
0.0046948 0.742216
0.0046948 0.742023
0.0046948 0.741829
0.0046948 0.741636
0.0046948 0.741443
0.00466561 0.741249
0.00466561 0.741056
0.00466561 0.740863
0.00466561 0.740669
0.00466561 0.740476
0.00466561 0.740282
0.00465657 0.740089
0.00465657 0.739896
0.00465657 0.739702
0.00465517 0.739509
0.00465517 0.739315
0.00465517 0.739122
0.00465517 0.738929
0.00465517 0.738542
0.00465517 0.738348
0.00465517 0.738155
0.00465517 0.737962
0.00465517 0.737768
0.00465517 0.737575
0.0046524 0.737382
0.0046524 0.737188
0.0046524 0.736995
0.0046524 0.736801
0.0046524 0.736608
0.0046524 0.736415
0.0046524 0.736221
0.0046524 0.736028
0.0046524 0.735834
0.0046524 0.735641
0.0046524 0.735448
0.0046524 0.735254
0.0046524 0.735061
0.0046524 0.734868
0.0046524 0.734674
0.0046524 0.734481
0.0046524 0.734287
0.0046524 0.734094
0.0046524 0.733901
0.0046524 0.733707
0.0046524 0.733514
0.0046524 0.73332
0.0046524 0.733127
0.0046524 0.732934
0.0046524 0.73274
0.0046524 0.732547
0.0046524 0.732354
0.0046524 0.73216
0.00463312 0.731967
0.00463312 0.731773
0.00463312 0.73158
0.00463312 0.731387
0.00463312 0.731193
0.00463312 0.731
0.00463312 0.730806
0.00463312 0.730613
0.00463312 0.73042
0.00463312 0.730226
0.00463312 0.730033
0.00463312 0.729839
0.00463312 0.729646
0.00463312 0.729453
0.00463312 0.729259
0.00463312 0.729066
0.00463312 0.728873
0.00463312 0.728679
0.00463312 0.728486
0.00463312 0.728292
0.00463312 0.728099
0.00462645 0.727906
0.00462645 0.727712
0.00462645 0.727519
0.00462645 0.727325
0.00462645 0.727132
0.00462645 0.726939
0.00462645 0.726745
0.00462645 0.726552
0.00462645 0.726359
0.00462645 0.726165
0.00462645 0.725972
0.00462645 0.725778
0.00462645 0.725585
0.00462645 0.725392
0.00462645 0.725198
0.00460129 0.725005
0.00460129 0.724811
0.00460129 0.724618
0.00460129 0.724425
0.00460129 0.724231
0.00460129 0.724038
0.00460129 0.723845
0.00460129 0.723651
0.00460129 0.723458
0.00460129 0.723264
0.00460129 0.723071
0.00460129 0.722878
0.00460129 0.722684
0.00459069 0.722491
0.0045582 0.722297
0.0045582 0.722104
0.0045582 0.721911
0.0045582 0.721717
0.0045582 0.721524
0.0045582 0.72133
0.0045582 0.721137
0.0045582 0.720944
0.0045582 0.72075
0.0045582 0.720557
0.0045582 0.720364
0.0045582 0.72017
0.0045582 0.719977
0.0045582 0.719783
0.0045582 0.71959
0.0045582 0.719397
0.0045582 0.719203
0.0045582 0.71901
0.0045582 0.718816
0.0045582 0.718623
0.0045582 0.71843
0.0045582 0.718236
0.0045582 0.718043
0.0045582 0.71785
0.00450444 0.717656
0.00450444 0.717463
0.00450444 0.717269
0.00450444 0.717076
0.00450444 0.716883
0.00450444 0.716689
0.00450444 0.716496
0.00450444 0.716302
0.00450444 0.716109
0.00450444 0.715916
0.00450444 0.715722
0.00450444 0.715529
0.00450444 0.715336
0.00450444 0.715142
0.00450444 0.714949
0.00450444 0.714755
0.00450444 0.714562
0.00450444 0.714369
0.00450444 0.714175
0.00450444 0.713982
0.00450444 0.713788
0.00450444 0.713595
0.00450444 0.713402
0.00450444 0.713208
0.00450444 0.713015
0.00450444 0.712822
0.00450444 0.712628
0.00450444 0.712435
0.00450444 0.712241
0.00450444 0.712048
0.00450444 0.711855
0.00450444 0.711661
0.00450444 0.711468
0.00448364 0.711274
0.00448364 0.711081
0.00448364 0.710888
0.00448364 0.710694
0.00448364 0.710501
0.00448364 0.710307
0.00448364 0.710114
0.00448364 0.709921
0.00448364 0.709727
0.00448364 0.709534
0.00448364 0.709341
0.00448364 0.709147
0.00448364 0.708954
0.00448364 0.70876
0.00448364 0.708567
0.00448364 0.708374
0.00448364 0.70818
0.00448364 0.707987
0.00448364 0.707793
0.00448364 0.7076
0.00448364 0.707407
0.00448364 0.707213
0.00448364 0.70702
0.00448364 0.706827
0.00448364 0.706633
0.00448364 0.70644
0.00448364 0.706246
0.00448364 0.706053
0.00448364 0.70586
0.00448364 0.705666
0.00448201 0.705473
0.00448201 0.705279
0.00448201 0.705086
0.00448201 0.704893
0.00448201 0.704699
0.00448201 0.704506
0.00448201 0.704313
0.00448201 0.704119
0.00448201 0.703926
0.00448201 0.703732
0.00448201 0.703539
0.00448201 0.703346
0.00448201 0.703152
0.00448201 0.702959
0.00448201 0.702765
0.00448201 0.702572
0.00446948 0.702379
0.00446948 0.702185
0.00446948 0.701992
0.00446948 0.701798
0.00446948 0.701605
0.00446948 0.701412
0.00446948 0.701218
0.00446948 0.701025
0.00446948 0.700832
0.00446948 0.700638
0.00446948 0.700445
0.00446948 0.700251
0.00446948 0.700058
0.00446948 0.699865
0.00446948 0.699671
0.00446948 0.699478
0.00446948 0.699284
0.00446948 0.698898
0.00446948 0.698704
0.00446948 0.698511
0.00446948 0.698318
0.00446948 0.698124
0.00446948 0.697931
0.00446948 0.697737
0.00446948 0.697544
0.00446948 0.697351
0.00446948 0.697157
0.00446948 0.696964
0.00446948 0.69677
0.00446948 0.696577
0.00446948 0.696384
0.00446948 0.69619
0.00446948 0.695997
0.00446948 0.695804
0.00446948 0.69561
0.00446948 0.695417
0.00446948 0.695223
0.00446948 0.69503
0.00446948 0.694837
0.00446948 0.694643
0.00446948 0.69445
0.00446948 0.694256
0.00446948 0.694063
0.00446948 0.69387
0.00446948 0.693676
0.00446948 0.693483
0.00446948 0.693289
0.00446948 0.693096
0.00446948 0.692903
0.00446948 0.692709
0.00446948 0.692516
0.00446948 0.692323
0.00446948 0.692129
0.00446948 0.691936
0.00446948 0.691742
0.00446948 0.691549
0.00446948 0.691356
0.00446948 0.691162
0.00446948 0.690969
0.00446948 0.690775
0.00446948 0.690582
0.00446948 0.690389
0.00446948 0.690195
0.00446948 0.690002
0.00446948 0.689809
0.00446948 0.689615
0.00446948 0.689422
0.00446948 0.689228
0.00446948 0.689035
0.00446948 0.688842
0.00446948 0.688648
0.00446948 0.688455
0.00446948 0.688261
0.00446948 0.688068
0.00446948 0.687875
0.00446948 0.687681
0.00446948 0.687488
0.00446948 0.687295
0.00446948 0.687101
0.00446948 0.686908
0.00446948 0.686714
0.00446948 0.686521
0.00446948 0.686328
0.00446948 0.686134
0.00446948 0.685941
0.00446948 0.685747
0.00446948 0.685554
0.00446948 0.685361
0.00444694 0.685167
0.00444694 0.684974
0.00444694 0.684781
0.00444694 0.684587
0.00444694 0.684394
0.00444694 0.6842
0.00444694 0.684007
0.00444694 0.683814
0.00444694 0.68362
0.00444694 0.683427
0.00443563 0.683233
0.00443563 0.68304
0.00443563 0.682847
0.00443563 0.682653
0.00443563 0.68246
0.00443563 0.682266
0.00443563 0.682073
0.00443563 0.68188
0.00443223 0.681686
0.00443223 0.681493
0.00443223 0.6813
0.00443223 0.681106
0.00443223 0.680913
0.00443223 0.680719
0.00443223 0.680526
0.00438458 0.680333
0.00438458 0.680139
0.00437377 0.679946
0.00437377 0.679752
0.00437377 0.679559
0.00437377 0.679366
0.00432481 0.679172
0.00432481 0.678979
0.00432481 0.678786
0.00432481 0.678592
0.00432481 0.678399
0.00432481 0.678205
0.00432481 0.678012
0.00432481 0.677819
0.00432481 0.677625
0.00432481 0.677432
0.00432481 0.677238
0.00432481 0.677045
0.00432481 0.676852
0.00432481 0.676658
0.00432481 0.676465
0.00432481 0.676272
0.00432481 0.676078
0.00432481 0.675885
0.00432481 0.675691
0.00432481 0.675498
0.00432481 0.675305
0.00432481 0.675111
0.00432481 0.674918
0.00432481 0.674724
0.00432481 0.674531
0.00432481 0.674338
0.00432481 0.674144
0.00432481 0.673951
0.00432481 0.673757
0.00432481 0.673564
0.00432481 0.673371
0.00432481 0.673177
0.00432481 0.672984
0.00432481 0.672791
0.00432481 0.672597
0.00432481 0.672404
0.00432481 0.67221
0.00432481 0.672017
0.00432481 0.671824
0.00428362 0.67163
0.00428362 0.671437
0.00428362 0.671243
0.00428362 0.67105
0.00428362 0.670857
0.00428362 0.670663
0.00428362 0.67047
0.00428362 0.670277
0.00428362 0.670083
0.00428362 0.66989
0.00428362 0.669696
0.00428362 0.669503
0.00428362 0.66931
0.00428362 0.669116
0.00428362 0.668923
0.00428362 0.668729
0.00428362 0.668536
0.00428362 0.668343
0.00428362 0.668149
0.00425083 0.667956
0.00425083 0.667763
0.00425083 0.667569
0.00425083 0.667376
0.00425083 0.667182
0.00425083 0.666989
0.00425083 0.666796
0.00425083 0.666602
0.00425083 0.666409
0.00425083 0.666215
0.00424896 0.666022
0.00424896 0.665829
0.00422392 0.665635
0.00422392 0.665442
0.00422392 0.665249
0.00422392 0.665055
0.00422392 0.664862
0.00422392 0.664668
0.00422392 0.664475
0.00422392 0.664282
0.00422392 0.664088
0.00422392 0.663895
0.00417059 0.663701
0.00412162 0.663508
0.00412162 0.663315
0.00412162 0.663121
0.00411566 0.662928
0.00411566 0.662734
0.00411566 0.662541
0.00411566 0.662348
0.00411566 0.662154
0.00411566 0.661961
0.00411566 0.661768
0.00411566 0.661574
0.00411566 0.661381
0.00411566 0.661187
0.00411566 0.660994
0.00411566 0.660801
0.00411566 0.660607
0.00411566 0.660414
0.00411566 0.66022
0.00411566 0.660027
0.00411566 0.659834
0.00411566 0.65964
0.00411566 0.659447
0.00411566 0.659254
0.00411566 0.65906
0.00411566 0.658867
0.00411566 0.658673
0.00411566 0.65848
0.00411566 0.658287
0.00411566 0.658093
0.00411566 0.6579
0.00411566 0.657706
0.00411566 0.657513
0.00411566 0.65732
0.00411566 0.657126
0.00411566 0.656933
0.00411566 0.65674
0.00411566 0.656546
0.00411566 0.656353
0.00411566 0.656159
0.00411566 0.655966
0.00411566 0.655773
0.00411566 0.655579
0.00411566 0.655386
0.00411566 0.655192
0.00411566 0.654999
0.00411566 0.654806
0.00411566 0.654612
0.00411566 0.654419
0.00411566 0.654225
0.00411566 0.654032
0.0041036 0.653839
0.0041036 0.653645
0.0041036 0.653452
0.0041036 0.653259
0.0041036 0.653065
0.0041036 0.652872
0.0041036 0.652678
0.0041036 0.652485
0.0041036 0.652292
0.0041036 0.652098
0.0041036 0.651905
0.0041036 0.651711
0.0041036 0.651518
0.0041036 0.651325
0.0041036 0.651131
0.0041036 0.650938
0.0041036 0.650745
0.0041036 0.650551
0.0041036 0.650358
0.0041036 0.650164
0.0041036 0.649971
0.0041036 0.649778
0.0041036 0.649584
0.0041036 0.649391
0.0041036 0.649197
0.0041036 0.649004
0.0041036 0.648811
0.0041036 0.648617
0.0041036 0.648424
0.0041036 0.648231
0.0041036 0.648037
0.0041036 0.647844
0.00408361 0.64765
0.00408361 0.647457
0.00408361 0.647264
0.00408361 0.64707
0.00408361 0.646877
0.00408361 0.646683
0.00408361 0.64649
0.00408361 0.646297
0.00408361 0.646103
0.00408361 0.64591
0.00408361 0.645716
0.00408361 0.645523
0.00408361 0.64533
0.00408361 0.645136
0.00408361 0.644943
0.00408361 0.64475
0.00408361 0.644556
0.00408361 0.644363
0.00408361 0.644169
0.00401833 0.643976
0.00401833 0.643783
0.00401833 0.643589
0.00401833 0.643396
0.00401833 0.643202
0.00401833 0.643009
0.00401833 0.642816
0.00401833 0.642622
0.00401833 0.642429
0.00401833 0.642236
0.00401833 0.642042
0.00401833 0.641849
0.00401833 0.641655
0.00401833 0.641462
0.00401833 0.641269
0.00401833 0.641075
0.00401833 0.640882
0.00401833 0.640688
0.00401833 0.640495
0.00401833 0.640302
0.00401833 0.640108
0.00401833 0.639915
0.00401833 0.639722
0.00401833 0.639528
0.00401833 0.639335
0.00401833 0.639141
0.00401833 0.638948
0.00401833 0.638755
0.00399567 0.638561
0.00399567 0.638368
0.00399567 0.638174
0.00399567 0.637981
0.00397744 0.637788
0.00397744 0.637594
0.00397744 0.637401
0.00397744 0.637208
0.003968 0.637014
0.0039679 0.636821
0.0039679 0.636627
0.0039679 0.636434
0.0039679 0.636241
0.0039679 0.636047
0.00393674 0.635854
0.00393674 0.63566
0.00388415 0.635467
0.00388415 0.635274
0.00388415 0.63508
0.00388415 0.634887
0.00388415 0.634693
0.00388415 0.6345
0.00388415 0.634307
0.00388415 0.634113
0.00388415 0.63392
0.00388415 0.633727
0.00388415 0.633533
0.00388415 0.63334
0.00388415 0.633146
0.00388415 0.632953
0.00388367 0.63276
0.00388367 0.632566
0.00388367 0.632373
0.00388367 0.632179
0.00388367 0.631986
0.00388367 0.631793
0.00388367 0.631599
0.00388367 0.631406
0.00388367 0.631213
0.00388367 0.631019
0.00388367 0.630826
0.00388367 0.630632
0.00388367 0.630439
0.00388367 0.630246
0.00388367 0.630052
0.00388367 0.629859
0.00388367 0.629665
0.00388367 0.629472
0.00388367 0.629279
0.00388367 0.629085
0.00388367 0.628892
0.00388367 0.628699
0.00388367 0.628505
0.00388367 0.628312
0.00388367 0.628118
0.00388367 0.627925
0.00388367 0.627732
0.00388367 0.627538
0.00388367 0.627345
0.00388367 0.627151
0.00388367 0.626958
0.00388367 0.626765
0.00388367 0.626571
0.00388367 0.626378
0.00388367 0.626184
0.00388367 0.625991
0.00388367 0.625798
0.00388367 0.625604
0.00388367 0.625411
0.00388367 0.625218
0.00388367 0.625024
0.00388367 0.624831
0.00388367 0.624637
0.00388367 0.624444
0.00388367 0.624251
0.00388367 0.624057
0.00388367 0.623864
0.00388074 0.62367
0.00388074 0.623477
0.00387745 0.623284
0.00387745 0.62309
0.00387745 0.622897
0.00387745 0.622704
0.00387745 0.62251
0.00387745 0.622317
0.00387745 0.622123
0.00387745 0.62193
0.00387745 0.621737
0.00387745 0.621543
0.00387745 0.62135
0.00387745 0.621156
0.00387745 0.620963
0.00387745 0.62077
0.00387745 0.620576
0.00387745 0.620383
0.00387745 0.62019
0.00387745 0.619996
0.00387745 0.619803
0.00387745 0.619609
0.00387745 0.619416
0.00386481 0.619223
0.00386481 0.619029
0.00386481 0.618836
0.00386481 0.618642
0.00386481 0.618449
0.00386481 0.618256
0.00386481 0.618062
0.00386481 0.617869
0.00386481 0.617675
0.00385977 0.617482
0.00385977 0.617289
0.00385977 0.617095
0.00385977 0.616902
0.00385977 0.616709
0.00385977 0.616515
0.00385977 0.616322
0.00385977 0.616128
0.00385977 0.615935
0.00385977 0.615742
0.00385977 0.615548
0.00385977 0.615355
0.00385977 0.615161
0.00385977 0.614968
0.00385977 0.614775
0.00385977 0.614581
0.00385977 0.614388
0.00385977 0.614195
0.00385977 0.614001
0.00385238 0.613808
0.00385134 0.613614
0.00385134 0.613421
0.00385134 0.613228
0.00384799 0.613034
0.00384799 0.612841
0.00384799 0.612647
0.00384799 0.612454
0.00384799 0.612261
0.00384799 0.612067
0.00384799 0.611874
0.00384799 0.611681
0.00384799 0.611487
0.00384799 0.611294
0.00384799 0.6111
0.00384799 0.610907
0.00384799 0.610714
0.00384799 0.61052
0.00384799 0.610327
0.00384799 0.610133
0.00384799 0.60994
0.00384799 0.609747
0.00384799 0.609553
0.00384799 0.60936
0.00384799 0.609167
0.00384799 0.608973
0.00384799 0.60878
0.00384799 0.608586
0.00384799 0.608393
0.00384799 0.6082
0.00384799 0.608006
0.00384799 0.607813
0.00384799 0.607619
0.00384799 0.607426
0.00379812 0.607233
0.00379812 0.607039
0.00379812 0.606846
0.00379812 0.606652
0.00379812 0.606459
0.00379812 0.606266
0.00379812 0.606072
0.00379812 0.605879
0.00379812 0.605686
0.00379812 0.605492
0.00379812 0.605299
0.00379812 0.605105
0.00379812 0.604912
0.00379812 0.604719
0.00379812 0.604525
0.00379812 0.604332
0.00379812 0.604138
0.00379812 0.603945
0.00379812 0.603752
0.00379812 0.603558
0.00379812 0.603365
0.00379812 0.603172
0.00379812 0.602978
0.00379812 0.602785
0.00379812 0.602591
0.00379812 0.602398
0.00379812 0.602205
0.00379812 0.602011
0.00379812 0.601818
0.00379812 0.601624
0.00379812 0.601431
0.00379812 0.601238
0.00379812 0.601044
0.00379812 0.600851
0.00378328 0.600658
0.00378328 0.600464
0.00378328 0.600271
0.00378328 0.600077
0.00378328 0.599884
0.00378328 0.599691
0.00378328 0.599497
0.00378328 0.599304
0.00378328 0.59911
0.00378328 0.598917
0.00378328 0.598724
0.00378328 0.59853
0.00378328 0.598337
0.00378328 0.598143
0.00378328 0.59795
0.00378328 0.597757
0.00378328 0.597563
0.00378328 0.59737
0.00378328 0.597177
0.00378328 0.596983
0.00378328 0.59679
0.00378328 0.596596
0.00378328 0.596403
0.00378328 0.59621
0.00378328 0.596016
0.00378328 0.595823
0.00378328 0.595629
0.00378328 0.595436
0.00378328 0.595243
0.00378328 0.595049
0.00378328 0.594856
0.00378328 0.594663
0.00378328 0.594469
0.00378328 0.594276
0.00378328 0.594082
0.00378328 0.593889
0.00378328 0.593696
0.00378328 0.593502
0.00378328 0.593309
0.00378328 0.593115
0.00378328 0.592922
0.00378328 0.592729
0.00377648 0.592535
0.00376443 0.592342
0.00376443 0.592149
0.00376443 0.591955
0.00376443 0.591762
0.00376443 0.591568
0.00376443 0.591375
0.00376443 0.591182
0.00376443 0.590988
0.00376443 0.590795
0.00376443 0.590601
0.00376443 0.590408
0.00376443 0.590215
0.00374842 0.590021
0.00374842 0.589828
0.00374842 0.589635
0.00374842 0.589441
0.00374842 0.589248
0.00374842 0.589054
0.00374842 0.588861
0.00374842 0.588668
0.00374842 0.588474
0.00374842 0.588281
0.00374842 0.588087
0.00374842 0.587894
0.00374842 0.587701
0.00374842 0.587507
0.00374842 0.587314
0.00374842 0.58712
0.00374842 0.586927
0.00374842 0.586734
0.00374817 0.58654
0.00374817 0.586347
0.00374817 0.586154
0.00374817 0.58596
0.00374817 0.585767
0.00374817 0.585573
0.00374774 0.58538
0.00374774 0.585187
0.00374774 0.584993
0.00374774 0.5848
0.00374774 0.584606
0.00374774 0.584413
0.00374774 0.58422
0.00374774 0.584026
0.00374774 0.583833
0.00374774 0.58364
0.00374774 0.583446
0.00374774 0.583253
0.00374774 0.583059
0.00374774 0.582866
0.00374774 0.582673
0.00374774 0.582479
0.00374774 0.582286
0.00374774 0.582092
0.00374774 0.581899
0.00374774 0.581706
0.00374774 0.581512
0.00374774 0.581319
0.00374774 0.581126
0.00374774 0.580932
0.00374774 0.580739
0.00374774 0.580545
0.00374774 0.580352
0.00374774 0.580159
0.00374774 0.579965
0.00374774 0.579772
0.00374436 0.579578
0.00374436 0.579385
0.00374436 0.579192
0.00373922 0.578998
0.00373922 0.578805
0.00373922 0.578611
0.00373168 0.578418
0.00373168 0.578225
0.00373168 0.578031
0.00373168 0.577838
0.00373168 0.577645
0.00373168 0.577451
0.00373168 0.577258
0.00373168 0.577064
0.00373168 0.576871
0.00373168 0.576678
0.00373168 0.576484
0.00373168 0.576291
0.00373168 0.576097
0.00373168 0.575904
0.00373168 0.575711
0.00373168 0.575517
0.00373168 0.575324
0.00373168 0.575131
0.00373168 0.574937
0.00373168 0.574744
0.00373168 0.57455
0.00373168 0.574357
0.00373168 0.574164
0.00371017 0.57397
0.00371017 0.573777
0.00371017 0.573583
0.00371017 0.57339
0.00369619 0.573197
0.00369619 0.573003
0.00369619 0.57281
0.00369619 0.572617
0.00369619 0.572423
0.00369619 0.57223
0.00369619 0.572036
0.00369619 0.571843
0.00369619 0.57165
0.00369619 0.571456
0.00369619 0.571263
0.00369619 0.571069
0.00369619 0.570876
0.00369619 0.570683
0.00369619 0.570489
0.00369619 0.570296
0.00369575 0.570102
0.00369575 0.569909
0.00369575 0.569716
0.00369575 0.569522
0.00369575 0.569329
0.00369575 0.569136
0.00369575 0.568942
0.00369575 0.568749
0.00369523 0.568555
0.00369523 0.568362
0.00369523 0.568169
0.00369523 0.567975
0.00369523 0.567782
0.00369523 0.567588
0.0036909 0.567395
0.0036909 0.567202
0.0036909 0.567008
0.0036909 0.566815
0.0036909 0.566622
0.0036909 0.566428
0.0036909 0.566235
0.0036909 0.566041
0.0036909 0.565848
0.0036909 0.565655
0.0036909 0.565461
0.0036909 0.565268
0.0036909 0.565074
0.0036909 0.564881
0.0036909 0.564688
0.0036909 0.564494
0.0036909 0.564301
0.0036909 0.564108
0.0036909 0.563914
0.00366121 0.563721
0.00366121 0.563527
0.00366121 0.563334
0.00366121 0.563141
0.00366121 0.562947
0.00366121 0.562754
0.00366121 0.56256
0.00366121 0.562367
0.00366121 0.562174
0.00366099 0.56198
0.00366099 0.561787
0.00366099 0.561594
0.0035764 0.5614
0.0035764 0.561207
0.0035764 0.561013
0.0035764 0.56082
0.00355261 0.560627
0.00355261 0.560433
0.00355261 0.56024
0.00355261 0.560046
0.00343606 0.560046
0.00343606 0.559853
0.00343238 0.55966
0.00343238 0.559466
0.00343238 0.559273
0.00343238 0.559079
0.00343238 0.558886
0.00343238 0.558693
0.00343238 0.558499
0.00343238 0.558306
0.00343238 0.558113
0.00343238 0.557919
0.00343238 0.557726
0.00343238 0.557532
0.00343238 0.557339
0.00343238 0.557146
0.00343238 0.556952
0.00343238 0.556759
0.00343238 0.556565
0.00343238 0.556372
0.00337933 0.556179
0.00337933 0.555985
0.00337933 0.555792
0.00337933 0.555599
0.00337933 0.555405
0.00337933 0.555212
0.00337933 0.555018
0.00337933 0.554825
0.00337933 0.554632
0.00337933 0.554438
0.00337933 0.554245
0.00337933 0.554051
0.00337933 0.553858
0.00337933 0.553471
0.00337933 0.553278
0.00337933 0.553085
0.00337933 0.552891
0.00337933 0.552698
0.00337933 0.552504
0.00337933 0.552311
0.00337933 0.552118
0.00337933 0.551924
0.00337933 0.551731
0.00337933 0.551537
0.00337933 0.551344
0.00337933 0.551151
0.00337933 0.550957
0.00337073 0.550764
0.00337073 0.55057
0.00337073 0.550377
0.00337073 0.550184
0.00337073 0.54999
0.00337073 0.549797
0.00337073 0.549604
0.00337073 0.54941
0.00337073 0.549217
0.00337073 0.549023
0.00337073 0.54883
0.00337073 0.548637
0.00337073 0.548443
0.00337073 0.54825
0.00337073 0.548056
0.00337073 0.547863
0.00337073 0.54767
0.00337073 0.547476
0.00337073 0.547283
0.00337073 0.54709
0.00337073 0.546896
0.00337073 0.546703
0.00337073 0.546509
0.00337073 0.546316
0.00337073 0.546123
0.00337073 0.545929
0.00337073 0.545736
0.00337073 0.545542
0.00337073 0.545349
0.00337073 0.545156
0.00337073 0.544769
0.00337073 0.544576
0.00337073 0.544382
0.00335885 0.544189
0.00335254 0.543995
0.0033296 0.543802
0.0033296 0.543609
0.0033296 0.543415
0.0033296 0.543222
0.0033296 0.543028
0.0033296 0.542835
0.0033296 0.542642
0.0033296 0.542448
0.0033296 0.542255
0.0033296 0.542061
0.0033296 0.541868
0.0033296 0.541675
0.0033296 0.541481
0.0033296 0.541288
0.0033296 0.541095
0.0033296 0.540901
0.00331171 0.540708
0.00331171 0.540514
0.00331171 0.540321
0.00331171 0.540128
0.00331171 0.539934
0.00331171 0.539741
0.00331171 0.539547
0.00331171 0.539354
0.00331171 0.539161
0.00331171 0.538967
0.00331171 0.538774
0.00331171 0.538581
0.00331171 0.538387
0.00331171 0.538194
0.00331171 0.538
0.00331171 0.537807
0.00331171 0.537614
0.00331171 0.53742
0.00331171 0.537227
0.00331171 0.537033
0.00325989 0.53684
0.00325989 0.536647
0.00325989 0.536453
0.00325989 0.53626
0.00325989 0.536067
0.00325989 0.535873
0.00325989 0.53568
0.00325989 0.535486
0.00325989 0.535293
0.00325989 0.5351
0.00325989 0.534906
0.00325989 0.534713
0.00325989 0.534519
0.00325989 0.534326
0.00325989 0.534133
0.00325989 0.533939
0.00325989 0.533746
0.00325989 0.533553
0.00325989 0.533359
0.00325989 0.533166
0.00325989 0.532972
0.00325989 0.532779
0.00324524 0.532586
0.00324524 0.532392
0.00324524 0.532199
0.00324524 0.532005
0.00324524 0.531812
0.00324524 0.531619
0.00324524 0.531425
0.00324524 0.531232
0.00324524 0.531038
0.00324524 0.530845
0.00324524 0.530652
0.0032311 0.530458
0.0032311 0.530265
0.0032311 0.530072
0.0032311 0.529878
0.0032311 0.529685
0.0032311 0.529491
0.0032311 0.529298
0.0032311 0.529105
0.0032311 0.528911
0.0032311 0.528718
0.0032311 0.528524
0.0032311 0.528331
0.0032311 0.528138
0.0032311 0.527944
0.0032311 0.527751
0.0032311 0.527558
0.0032311 0.527364
0.0032311 0.527171
0.0032311 0.526977
0.0032311 0.526784
0.0032311 0.526591
0.0032311 0.526397
0.0032311 0.526204
0.0032311 0.52601
0.0032311 0.525817
0.0032311 0.525624
0.0032311 0.52543
0.0032311 0.525237
0.0032311 0.525044
0.0032311 0.52485
0.0032311 0.524657
0.00323105 0.524463
0.00323105 0.52427
0.00323105 0.524077
0.00323105 0.523883
0.00323105 0.52369
0.00323105 0.523496
0.00323105 0.523303
0.00323105 0.52311
0.00323105 0.522916
0.00323105 0.522723
0.00323105 0.522529
0.00323105 0.522336
0.00323105 0.522143
0.00323105 0.521949
0.00323105 0.521756
0.00323105 0.521563
0.00323105 0.521369
0.00323105 0.521176
0.00323105 0.520982
0.00323105 0.520789
0.00323105 0.520596
0.00323105 0.520402
0.00323105 0.520209
0.00323105 0.520015
0.00323105 0.519822
0.00323105 0.519629
0.00323105 0.519435
0.00323105 0.519242
0.00323105 0.519049
0.00323105 0.518855
0.00323105 0.518662
0.00323105 0.518468
0.00323105 0.518275
0.00323105 0.518082
0.00323105 0.517888
0.00323105 0.517695
0.00323105 0.517501
0.00323105 0.517308
0.00323105 0.517115
0.00322363 0.516921
0.00322363 0.516728
0.00322363 0.516535
0.00320174 0.516341
0.00320174 0.516148
0.00320174 0.515954
0.00320174 0.515761
0.00320174 0.515568
0.00320174 0.515374
0.00320174 0.515181
0.00320174 0.514987
0.00320174 0.514794
0.00320174 0.514601
0.00315795 0.514407
0.00315795 0.514214
0.00315795 0.51402
0.00315795 0.513827
0.00315795 0.513634
0.00315795 0.51344
0.00315795 0.513247
0.00315795 0.513054
0.00315795 0.51286
0.00315795 0.512667
0.00315795 0.512473
0.00315795 0.51228
0.00315795 0.512087
0.00315795 0.511893
0.00315795 0.5117
0.00315795 0.511506
0.00315795 0.511313
0.00315795 0.51112
0.00315795 0.510926
0.00315795 0.510733
0.00315795 0.51054
0.00315795 0.510346
0.00315795 0.510153
0.00315795 0.509959
0.00315795 0.509766
0.00315795 0.509573
0.00315795 0.509379
0.00315795 0.509186
0.00313577 0.508992
0.00313577 0.508799
0.00313577 0.508606
0.00313577 0.508412
0.00313577 0.508219
0.00313577 0.508026
0.00313577 0.507832
0.00313577 0.507639
0.00313577 0.507445
0.00313577 0.507252
0.00313577 0.507059
0.00313577 0.506865
0.00313577 0.506672
0.00313577 0.506478
0.00313577 0.506285
0.00313577 0.506092
0.00313577 0.505898
0.00313577 0.505705
0.00313577 0.505512
0.00313577 0.505318
0.00313577 0.505125
0.00313577 0.504931
0.00313577 0.504738
0.00313577 0.504545
0.00313577 0.504351
0.00313577 0.504158
0.00313577 0.503964
0.00313577 0.503771
0.00313577 0.503578
0.00313577 0.503384
0.00313577 0.503191
0.00313577 0.502997
0.00313577 0.502804
0.00313577 0.502611
0.00313577 0.502417
0.00313577 0.502224
0.00313577 0.502031
0.00313577 0.501837
0.00313577 0.501644
0.00313577 0.50145
0.00313577 0.501257
0.00313577 0.501064
0.00313577 0.50087
0.00313577 0.500677
0.00313577 0.500483
0.00313577 0.50029
0.00313577 0.500097
0.00313577 0.499903
0.00313577 0.49971
0.00313577 0.499517
0.00313577 0.499323
0.00313577 0.49913
0.00313577 0.498936
0.00313577 0.498743
0.00313577 0.49855
0.00311279 0.498356
0.00311279 0.498163
0.00311279 0.497969
0.00311279 0.497776
0.00311279 0.497583
0.00311279 0.497389
0.00311279 0.497196
0.00311279 0.497003
0.00311279 0.496809
0.00311279 0.496616
0.00311279 0.496422
0.00311279 0.496229
0.00311279 0.496036
0.00311279 0.495842
0.00311279 0.495649
0.00311279 0.495455
0.00311279 0.495262
0.00311279 0.495069
0.00311279 0.494875
0.00311279 0.494682
0.00311279 0.494488
0.00311279 0.494295
0.00311279 0.494102
0.00311279 0.493908
0.00311279 0.493715
0.00311279 0.493522
0.00311279 0.493328
0.00311279 0.493135
0.00311279 0.492941
0.00311279 0.492748
0.00311279 0.492555
0.00311279 0.492361
0.00311279 0.492168
0.00311279 0.491974
0.00311279 0.491781
0.00311279 0.491588
0.00311279 0.491394
0.00311279 0.491201
0.00311279 0.491008
0.00311279 0.490814
0.00311279 0.490621
0.00311279 0.490427
0.00311279 0.490234
0.00311279 0.490041
0.00311279 0.489847
0.00311279 0.489654
0.00311279 0.48946
0.00311279 0.489267
0.00311279 0.489074
0.00311279 0.48888
0.00311279 0.488687
0.00311279 0.488494
0.00311279 0.4883
0.00311279 0.488107
0.00311279 0.487913
0.00311279 0.48772
0.00311279 0.487527
0.00311279 0.487333
0.00310211 0.48714
0.00310211 0.486946
0.00310211 0.486753
0.00310211 0.48656
0.00310211 0.486366
0.00310211 0.486173
0.00308582 0.48598
0.00308582 0.485786
0.00308582 0.485593
0.00308582 0.485399
0.00308582 0.485206
0.00308582 0.485013
0.00308582 0.484819
0.00308582 0.484626
0.00308582 0.484432
0.00308582 0.484239
0.00308582 0.484046
0.00308582 0.483852
0.00308582 0.483659
0.00308582 0.483465
0.00308582 0.483272
0.00308582 0.483079
0.00308582 0.482885
0.00308582 0.482692
0.00308582 0.482499
0.00308582 0.482305
0.00308582 0.482112
0.00308582 0.481918
0.00308582 0.481725
0.00308582 0.481532
0.00308582 0.481338
0.00308582 0.481145
0.00308582 0.480951
0.00308582 0.480758
0.00308582 0.480565
0.00308582 0.480371
0.00308582 0.480178
0.00308582 0.479985
0.00308582 0.479791
0.00308582 0.479598
0.00308582 0.479404
0.00303124 0.479211
0.00303124 0.479018
0.00303124 0.478824
0.00303124 0.478631
0.00303124 0.478437
0.00303124 0.478244
0.00303124 0.478051
0.00303124 0.477857
0.00299567 0.477664
0.00299567 0.477471
0.00299567 0.477277
0.00299567 0.477084
0.00299567 0.47689
0.00299567 0.476697
0.00299567 0.476504
0.00299567 0.47631
0.00299567 0.476117
0.00299567 0.475923
0.00299567 0.47573
0.00299567 0.475537
0.00299567 0.475343
0.00299567 0.47515
0.00299567 0.474956
0.00299567 0.474763
0.00299567 0.47457
0.00299567 0.474376
0.00299567 0.474183
0.00299567 0.47399
0.00299567 0.473796
0.00299567 0.473603
0.00299567 0.473216
0.00299567 0.473023
0.00299567 0.472829
0.00299567 0.472636
0.00299567 0.472442
0.00299567 0.472249
0.00299567 0.472056
0.00299567 0.471862
0.00299567 0.471669
0.00299567 0.471476
0.00299567 0.471282
0.00299567 0.471089
0.00299567 0.470895
0.00299567 0.470702
0.00299567 0.470509
0.00299567 0.470315
0.00299567 0.470122
0.00299069 0.469928
0.00299069 0.469735
0.00299069 0.469542
0.00299069 0.469348
0.00299069 0.469155
0.00299069 0.468962
0.00299069 0.468768
0.00299069 0.468575
0.00299069 0.468381
0.00299069 0.468188
0.00299069 0.467995
0.00299069 0.467801
0.00299069 0.467608
0.00299069 0.467414
0.00299069 0.467221
0.00299069 0.467028
0.00299069 0.466834
0.00299069 0.466641
0.00299069 0.466447
0.00299069 0.466254
0.00299069 0.466061
0.00299069 0.465867
0.00299069 0.465674
0.00299069 0.465481
0.00299069 0.465287
0.00299069 0.465094
0.00299069 0.4649
0.00299069 0.464707
0.00299069 0.464514
0.00299069 0.46432
0.00299069 0.464127
0.00299069 0.463933
0.00299069 0.46374
0.00299069 0.463547
0.00299069 0.463353
0.00299069 0.46316
0.00299069 0.462967
0.00299069 0.462773
0.00299069 0.46258
0.00299069 0.462386
0.00299069 0.462193
0.00299069 0.462
0.00299069 0.461806
0.00299069 0.461613
0.00299069 0.461419
0.00299069 0.461226
0.00299069 0.461033
0.00299069 0.460839
0.00298792 0.460646
0.00298792 0.460453
0.00298792 0.460259
0.00298792 0.460066
0.00298792 0.459872
0.00298792 0.459679
0.00298792 0.459486
0.00298792 0.459292
0.00298792 0.459099
0.00298792 0.458905
0.00298792 0.458712
0.00298792 0.458519
0.00298792 0.458325
0.00298792 0.458132
0.00298792 0.457939
0.00298792 0.457745
0.00298792 0.457552
0.00298792 0.457358
0.00298792 0.457165
0.00298792 0.456972
0.00298792 0.456778
0.00298792 0.456585
0.00298792 0.456391
0.00298792 0.456198
0.00298792 0.456005
0.00298792 0.455811
0.00298792 0.455618
0.00298792 0.455424
0.00298792 0.455231
0.00298792 0.455038
0.00298792 0.454844
0.00298792 0.454651
0.00298792 0.454458
0.00298792 0.454264
0.00298792 0.454071
0.00298792 0.453877
0.00298792 0.453684
0.00298792 0.453491
0.00298792 0.453297
0.00298792 0.453104
0.00298792 0.45291
0.00298792 0.452717
0.00298792 0.452524
0.00298792 0.45233
0.00298493 0.452137
0.00298493 0.451944
0.00298493 0.45175
0.00298493 0.451557
0.00298493 0.451363
0.00298493 0.45117
0.00298493 0.450977
0.00298493 0.450783
0.00295826 0.45059
0.00295826 0.450396
0.00295826 0.450203
0.00295826 0.45001
0.00295826 0.449816
0.00295826 0.449623
0.00295825 0.44943
0.00295825 0.449236
0.00295825 0.449043
0.00295825 0.448849
0.00295825 0.448656
0.00295825 0.448463
0.00295825 0.448269
0.00295825 0.448076
0.00295825 0.447882
0.00295825 0.447689
0.00295825 0.447496
0.00295825 0.447302
0.00295825 0.447109
0.00295825 0.446915
0.00295825 0.446722
0.00295507 0.446529
0.00295507 0.446335
0.00295507 0.446142
0.00295507 0.445949
0.00295507 0.445755
0.00295507 0.445562
0.00295507 0.445368
0.00295507 0.445175
0.00295507 0.444982
0.00295507 0.444788
0.00295507 0.444595
0.00295507 0.444401
0.00295507 0.444208
0.00295507 0.444015
0.00295507 0.443821
0.00295507 0.443628
0.00295507 0.443435
0.00295507 0.443241
0.00295507 0.443048
0.00295507 0.442854
0.00295507 0.442661
0.00295507 0.442468
0.00295507 0.442274
0.00295507 0.442081
0.00295507 0.441887
0.00295507 0.441694
0.00295507 0.441501
0.00295507 0.441307
0.00295507 0.441114
0.00295337 0.440921
0.00295337 0.440727
0.00295337 0.440534
0.00295337 0.44034
0.00295337 0.440147
0.00295337 0.439954
0.00295337 0.43976
0.00295337 0.439567
0.00295337 0.439373
0.00295337 0.43918
0.00295337 0.438987
0.00295337 0.438793
0.00295337 0.4386
0.00295337 0.438406
0.00295337 0.438213
0.00295337 0.43802
0.00295337 0.437826
0.00295337 0.437633
0.00295337 0.43744
0.00295337 0.437246
0.0029475 0.437053
0.0029475 0.436859
0.0029475 0.436666
0.0029475 0.436473
0.0029475 0.436279
0.0029475 0.436086
0.0029475 0.435892
0.0029475 0.435699
0.0029475 0.435506
0.0029475 0.435312
0.0029475 0.435119
0.0029475 0.434926
0.0029475 0.434732
0.0029475 0.434539
0.0029475 0.434345
0.0029475 0.434152
0.0029475 0.433959
0.0029475 0.433765
0.0029475 0.433572
0.0029475 0.433378
0.0029475 0.433185
0.0029475 0.432992
0.0029475 0.432798
0.0029475 0.432605
0.0029475 0.432412
0.0029475 0.432218
0.0029475 0.432025
0.0029475 0.431831
0.0029475 0.431638
0.0029475 0.431445
0.0029475 0.431251
0.0029475 0.431058
0.0029475 0.430864
0.0029475 0.430671
0.0029475 0.430478
0.0029475 0.430284
0.0029475 0.430091
0.0029475 0.429898
0.0029475 0.429704
0.0029475 0.429511
0.0029475 0.429317
0.0029475 0.429124
0.0029475 0.428931
0.0029475 0.428737
0.0029475 0.428544
0.0029475 0.42835
0.0029475 0.428157
0.0029475 0.427964
0.0029475 0.42777
0.0029475 0.427577
0.0029475 0.427383
0.0029475 0.42719
0.0029475 0.426997
0.0029475 0.426803
0.0029475 0.42661
0.0029475 0.426417
0.0029475 0.426223
0.0029475 0.42603
0.0029475 0.425836
0.0029475 0.425643
0.0029475 0.42545
0.0029475 0.425256
0.0029475 0.425063
0.0029475 0.424869
0.0029475 0.424676
0.0029475 0.424483
0.0029475 0.424289
0.0029475 0.424096
0.0029475 0.423903
0.00294325 0.423709
0.00294325 0.423516
0.00294325 0.423322
0.00294325 0.423129
0.00294325 0.422936
0.00294325 0.422742
0.00294325 0.422549
0.00294325 0.422355
0.00294325 0.422162
0.00294325 0.421969
0.00294325 0.421775
0.00294325 0.421582
0.00294325 0.421389
0.00294325 0.421195
0.00294325 0.421002
0.00294325 0.420808
0.00294325 0.420615
0.00294325 0.420422
0.00294325 0.420228
0.00294325 0.420035
0.00294325 0.419841
0.00294325 0.419648
0.00294325 0.419455
0.00294325 0.419261
0.00294325 0.418874
0.00294325 0.418681
0.00294325 0.418488
0.00294325 0.418294
0.00294325 0.418101
0.00294325 0.417908
0.00294325 0.417714
0.00294325 0.417521
0.00294325 0.417327
0.00294325 0.417134
0.00294325 0.416941
0.00294325 0.416747
0.00293522 0.416554
0.00293522 0.41636
0.00293522 0.416167
0.00293522 0.415974
0.00293522 0.41578
0.00293522 0.415587
0.00293522 0.415394
0.00293522 0.4152
0.00293522 0.415007
0.00291286 0.414813
0.00291286 0.41462
0.00291286 0.414427
0.00291286 0.414233
0.00291286 0.41404
0.00291286 0.413846
0.00291286 0.413653
0.00290677 0.41346
0.00290677 0.413266
0.00290677 0.413073
0.00290677 0.41288
0.00290677 0.412686
0.00290677 0.412493
0.00290677 0.412299
0.00290677 0.412106
0.00290677 0.411913
0.00290677 0.411719
0.00290677 0.411526
0.00290677 0.411332
0.00290677 0.411139
0.00290677 0.410946
0.00290677 0.410752
0.00290527 0.410559
0.00290527 0.410365
0.00290527 0.410172
0.00290527 0.409979
0.00290527 0.409785
0.00290527 0.409592
0.00290527 0.409399
0.00290527 0.409205
0.00290527 0.409012
0.00290527 0.408818
0.00290527 0.408625
0.00290527 0.408432
0.00290527 0.408238
0.00290527 0.408045
0.00290527 0.407851
0.00290527 0.407658
0.00290527 0.407465
0.00290527 0.407271
0.00290527 0.407078
0.00290527 0.406885
0.00290527 0.406691
0.00285615 0.406498
0.00285615 0.406304
0.00285615 0.406111
0.00285615 0.405918
0.00285615 0.405724
0.00285615 0.405531
0.00285615 0.405337
0.00285615 0.405144
0.00285615 0.404951
0.00285615 0.404757
0.00285615 0.404564
0.00282842 0.404371
0.00282842 0.404177
0.00281127 0.403984
0.00281127 0.40379
0.00281127 0.403597
0.00281127 0.403404
0.00281127 0.40321
0.00281127 0.403017
0.00281127 0.402823
0.00280977 0.40263
0.00280977 0.402437
0.00280977 0.402243
0.00280977 0.40205
0.00280977 0.401857
0.00280977 0.401663
0.00280977 0.40147
0.00280977 0.401276
0.00280977 0.401083
0.00280977 0.40089
0.00280977 0.400696
0.00280977 0.400503
0.00280977 0.400309
0.00280977 0.400116
0.00280977 0.399923
0.00280977 0.399729
0.00280977 0.399536
0.00280977 0.399342
0.00280977 0.399149
0.00280977 0.398956
0.00280977 0.398762
0.00280977 0.398569
0.00280977 0.398376
0.00280977 0.398182
0.00280977 0.397989
0.00280977 0.397795
0.00280977 0.397602
0.00280977 0.397409
0.00280977 0.397215
0.00280977 0.397022
0.00280977 0.396828
0.00280977 0.396635
0.00280977 0.396442
0.00280977 0.396248
0.00280977 0.396055
0.00280977 0.395862
0.00280977 0.395668
0.00280977 0.395475
0.00280977 0.395281
0.00280977 0.395088
0.00280977 0.394895
0.00280965 0.394701
0.00280965 0.394508
0.00280965 0.394314
0.00280965 0.394121
0.00280965 0.393928
0.00280965 0.393734
0.00280965 0.393541
0.00280965 0.393348
0.00280965 0.393154
0.00280965 0.392961
0.00280965 0.392767
0.00280965 0.392574
0.00280965 0.392381
0.00280965 0.392187
0.00280965 0.391994
0.00280965 0.3918
0.00280965 0.391607
0.00280965 0.391414
0.00280965 0.39122
0.00280965 0.391027
0.00280965 0.390833
0.00280965 0.39064
0.00280965 0.390447
0.00280965 0.390253
0.00280965 0.39006
0.00277819 0.389867
0.00277819 0.389673
0.00277819 0.38948
0.00277819 0.389286
0.00277819 0.389093
0.00277819 0.3889
0.00277819 0.388706
0.00277819 0.388513
0.00277819 0.388319
0.00277819 0.388126
0.00277819 0.387933
0.00277819 0.387739
0.00277819 0.387546
0.00277819 0.387353
0.00277819 0.387159
0.00277819 0.386966
0.00277819 0.386772
0.00275676 0.386579
0.00275676 0.386386
0.00275676 0.386192
0.00275676 0.385999
0.00275676 0.385805
0.00275676 0.385612
0.00275676 0.385419
0.00275676 0.385225
0.0027107 0.385032
0.00269578 0.384839
0.00269578 0.384645
0.00269578 0.384452
0.00269578 0.384258
0.00269578 0.384065
0.00267007 0.383872
0.00267007 0.383678
0.00266852 0.383485
0.00266852 0.383291
0.00266852 0.383098
0.00266852 0.382905
0.00266852 0.382711
0.00266852 0.382518
0.00266852 0.382325
0.00266852 0.382131
0.0026621 0.381938
0.00262172 0.381744
0.00262172 0.381551
0.00258891 0.381358
0.00258891 0.381164
0.00258891 0.380971
0.00258891 0.380777
0.00258891 0.380584
0.00258891 0.380391
0.00258891 0.380197
0.00258891 0.380004
0.00258891 0.37981
0.00257676 0.379617
0.00257676 0.379424
0.00257676 0.37923
0.00257676 0.379037
0.00257676 0.378844
0.00257676 0.37865
0.00257676 0.378457
0.00257676 0.378263
0.00257676 0.37807
0.00252148 0.377877
0.00252148 0.377683
0.00252148 0.37749
0.00252148 0.377296
0.00252148 0.377103
0.00252148 0.37691
0.00252148 0.376716
0.00252148 0.376523
0.00252148 0.37633
0.00252148 0.376136
0.00252148 0.375943
0.00252148 0.375749
0.00251983 0.375556
0.00251983 0.375363
0.00251983 0.375169
0.00251983 0.374976
0.00251983 0.374782
0.00251983 0.374589
0.00251983 0.374396
0.00251983 0.374202
0.00251983 0.374009
0.00251983 0.373816
0.00251983 0.373622
0.00251983 0.373429
0.00251983 0.373235
0.0025168 0.373042
0.0025168 0.372849
0.0025168 0.372655
0.00248765 0.372462
0.00248765 0.372268
0.00248765 0.372075
0.00248765 0.371882
0.00248765 0.371688
0.00248765 0.371495
0.00248765 0.371301
0.00248765 0.371108
0.00248765 0.370915
0.00248765 0.370721
0.00248765 0.370528
0.00248765 0.370335
0.00248765 0.370141
0.00248765 0.369948
0.00248765 0.369754
0.00248765 0.369561
0.00248765 0.369368
0.00248765 0.369174
0.00248765 0.368981
0.00248765 0.368787
0.00248765 0.368594
0.00247078 0.368401
0.00247078 0.368207
0.00247078 0.368014
0.00247078 0.367821
0.00247078 0.367627
0.00244608 0.367434
0.00244608 0.36724
0.00244608 0.367047
0.00244608 0.366854
0.00244608 0.36666
0.00244608 0.366467
0.00244608 0.366273
0.00244608 0.36608
0.00244608 0.365887
0.00244608 0.365693
0.00244608 0.3655
0.00244608 0.365307
0.00244608 0.365113
0.00244608 0.36492
0.00244608 0.364726
0.00244608 0.364533
0.00244608 0.36434
0.00244608 0.364146
0.00244608 0.363759
0.00244608 0.363566
0.00244608 0.363373
0.00244608 0.363179
0.00244608 0.362986
0.00244608 0.362792
0.00244608 0.362599
0.00244608 0.362406
0.00244608 0.362212
0.00244608 0.362019
0.00244608 0.361826
0.00244333 0.361632
0.00244333 0.361439
0.00244333 0.361245
0.00244333 0.361052
0.00244333 0.360859
0.00244333 0.360665
0.00244333 0.360472
0.00244333 0.360278
0.00244333 0.360085
0.00244333 0.359892
0.00244333 0.359698
0.00244333 0.359505
0.00244333 0.359312
0.00239732 0.359118
0.00239732 0.358925
0.00239732 0.358731
0.00239732 0.358538
0.00239732 0.358345
0.00239732 0.358151
0.00239732 0.357958
0.00239732 0.357764
0.00239678 0.357571
0.00239678 0.357378
0.00239678 0.357184
0.00239678 0.356991
0.00239678 0.356798
0.00239678 0.356604
0.00239678 0.356411
0.00239678 0.356217
0.00239678 0.356024
0.00239678 0.355831
0.00239678 0.355637
0.00239678 0.355444
0.00239678 0.35525
0.00239678 0.355057
0.00239678 0.354864
0.00239678 0.35467
0.00239678 0.354477
0.00239678 0.354284
0.00239678 0.35409
0.00239678 0.353897
0.00239678 0.353703
0.00239678 0.35351
0.00239678 0.353317
0.00239678 0.353123
0.00239678 0.35293
0.00239678 0.352736
0.00238506 0.352543
0.00238506 0.35235
0.00238506 0.352156
0.00238506 0.351963
0.00238506 0.351769
0.00238506 0.351576
0.00235539 0.351383
0.00235203 0.351189
0.00235203 0.350996
0.00235203 0.350803
0.00235203 0.350609
0.00235203 0.350416
0.00235203 0.350222
0.00235203 0.350029
0.00235203 0.349836
0.00235203 0.349642
0.00235203 0.349449
0.00235203 0.349255
0.00235203 0.349062
0.00235203 0.348869
0.00235203 0.348675
0.00235203 0.348482
0.00235203 0.348289
0.00235203 0.348095
0.00235203 0.347902
0.00235203 0.347708
0.00235203 0.347515
0.00235203 0.347322
0.00235203 0.347128
0.00234179 0.346935
0.00234179 0.346741
0.00234179 0.346548
0.00234179 0.346355
0.00234179 0.345968
0.00234179 0.345775
0.00234179 0.345581
0.00234179 0.345388
0.00234179 0.345194
0.00234179 0.345001
0.00234179 0.344808
0.00234179 0.344614
0.00234179 0.344421
0.00234179 0.344227
0.00234179 0.344034
0.00234179 0.343841
0.00234179 0.343647
0.00234179 0.343454
0.00234179 0.34326
0.00234179 0.343067
0.00234179 0.342874
0.00234179 0.34268
0.00234179 0.342487
0.00234179 0.342294
0.00232157 0.3421
0.00232157 0.341907
0.00232157 0.341713
0.00232157 0.34152
0.00232157 0.341327
0.00232157 0.341133
0.00232157 0.34094
0.00232157 0.340746
0.00232157 0.340553
0.00232157 0.34036
0.00232157 0.340166
0.00232157 0.339973
0.00232157 0.33978
0.00232157 0.339586
0.00232157 0.339393
0.00232157 0.339199
0.00232157 0.339006
0.00232157 0.338813
0.00232157 0.338619
0.00226193 0.338426
0.00226193 0.338232
0.00226193 0.338039
0.00226193 0.337846
0.00226193 0.337652
0.00226193 0.337459
0.00226193 0.337266
0.00226193 0.337072
0.00226193 0.336879
0.00226193 0.336685
0.0022611 0.336492
0.0022611 0.336299
0.0022611 0.336105
0.0022611 0.335912
0.0022611 0.335718
0.0022611 0.335525
0.0022611 0.335332
0.0022611 0.335138
0.0022611 0.334945
0.00224297 0.334751
0.00224297 0.334558
0.00224297 0.334365
0.00224297 0.334171
0.00224297 0.333978
0.00224297 0.333785
0.00224297 0.333591
0.00224297 0.333398
0.00224297 0.333204
0.00224297 0.333011
0.00224297 0.332818
0.00224297 0.332624
0.00224297 0.332431
0.00218859 0.332237
0.00218859 0.332044
0.00218859 0.331851
0.00218859 0.331657
0.00218859 0.331464
0.00218859 0.331271
0.00215992 0.331077
0.00215992 0.330884
0.00215992 0.33069
0.00215992 0.330497
0.00215992 0.330304
0.00215992 0.33011
0.00215992 0.329917
0.00214586 0.329723
0.00214586 0.32953
0.00214586 0.329337
0.00214586 0.329143
0.00214586 0.32895
0.00214586 0.328757
0.00214586 0.328563
0.00214586 0.32837
0.00214586 0.328176
0.00214586 0.327983
0.00214586 0.32779
0.00214586 0.327596
0.00214586 0.327403
0.00214586 0.327209
0.00214586 0.327016
0.00214586 0.326823
0.00214586 0.326629
0.00214586 0.326436
0.00214586 0.326243
0.00214586 0.326049
0.00214586 0.325856
0.00214586 0.325662
0.00214586 0.325469
0.00214586 0.325276
0.00214586 0.325082
0.00214586 0.324889
0.00214586 0.324695
0.00214586 0.324502
0.00214586 0.324309
0.0021318 0.324115
0.0021318 0.323922
0.0021318 0.323728
0.0021318 0.323535
0.0021318 0.323342
0.0021318 0.323148
0.0021318 0.322955
0.0021318 0.322762
0.0021318 0.322568
0.0021318 0.322375
0.0021318 0.322181
0.0021318 0.321988
0.0021318 0.321795
0.0021318 0.321601
0.0021318 0.321408
0.0021318 0.321214
0.0021318 0.321021
0.0021318 0.320828
0.0021318 0.320634
0.0021318 0.320441
0.0021318 0.320248
0.0021318 0.320054
0.0021318 0.319861
0.0021318 0.319667
0.0021318 0.319474
0.0021318 0.319281
0.0021318 0.319087
0.0021318 0.318894
0.0021318 0.3187
0.0021318 0.318507
0.00212322 0.318314
0.00212322 0.31812
0.00212322 0.317927
0.00212322 0.317734
0.00212322 0.31754
0.00212322 0.317347
0.00212322 0.317153
0.00212322 0.31696
0.00212322 0.316767
0.00212322 0.316573
0.00212322 0.31638
0.00212322 0.316186
0.00212322 0.315993
0.00212322 0.3158
0.00212322 0.315606
0.00212322 0.315413
0.00210592 0.315219
0.00210592 0.315026
0.00210592 0.314833
0.00210592 0.314639
0.00210592 0.314446
0.00210592 0.314253
0.00210592 0.314059
0.00210592 0.313866
0.00209442 0.313672
0.00208086 0.313479
0.00208086 0.313286
0.00208086 0.313092
0.00208086 0.312899
0.00208086 0.312705
0.00208086 0.312512
0.00208086 0.312319
0.00208086 0.312125
0.00208086 0.311932
0.00208086 0.311739
0.00208086 0.311545
0.00208086 0.311352
0.00208086 0.311158
0.00208086 0.310965
0.00208086 0.310772
0.00208086 0.310578
0.00208086 0.310385
0.00208086 0.310191
0.00208086 0.309998
0.00208086 0.309805
0.00208086 0.309611
0.00208086 0.309418
0.00208086 0.309225
0.00208086 0.309031
0.00208086 0.308838
0.00208086 0.308644
0.00208086 0.308451
0.00208086 0.308258
0.00208086 0.308064
0.00208086 0.307871
0.00208086 0.307677
0.00208086 0.307484
0.00208086 0.307291
0.00208086 0.307097
0.00208086 0.306904
0.00208086 0.306711
0.00208086 0.306517
0.00204863 0.306324
0.00204863 0.30613
0.00204863 0.305937
0.00204863 0.305744
0.00204863 0.30555
0.00204863 0.305357
0.00204863 0.305163
0.00204863 0.30497
0.00204863 0.304777
0.00204863 0.304583
0.00204863 0.30439
0.00204863 0.304196
0.00204863 0.304003
0.00204863 0.30381
0.00204863 0.303616
0.00204863 0.303423
0.00204863 0.30323
0.00204863 0.303036
0.00204863 0.302843
0.00204863 0.302649
0.00203674 0.302456
0.00203674 0.302263
0.00203674 0.302069
0.00203674 0.301876
0.00203674 0.301682
0.00203674 0.301489
0.00203674 0.301296
0.00203674 0.301102
0.00203674 0.300909
0.00203674 0.300716
0.00203674 0.300522
0.00202508 0.300329
0.00202508 0.300135
0.00202508 0.299942
0.00198277 0.299749
0.00198277 0.299555
0.00198277 0.299362
0.00191214 0.299168
0.00191214 0.298975
0.00191214 0.298782
0.00191214 0.298588
0.00191214 0.298395
0.00191214 0.298202
0.00191214 0.298008
0.00191214 0.297815
0.00191214 0.297621
0.00191214 0.297428
0.00191214 0.297235
0.00191128 0.297041
0.00191128 0.296848
0.00191128 0.296654
0.00191128 0.296461
0.00191128 0.296268
0.00191128 0.296074
0.00191128 0.295881
0.00191128 0.295687
0.00191128 0.295494
0.00191128 0.295301
0.00191128 0.295107
0.00191128 0.294914
0.0018599 0.294721
0.0018599 0.294527
0.0018599 0.294334
0.0018599 0.29414
0.0018599 0.293947
0.00183322 0.293754
0.00183322 0.29356
0.00183322 0.293367
0.00183322 0.293173
0.00183322 0.29298
0.00183322 0.292787
0.00183322 0.292593
0.00183322 0.2924
0.00183322 0.292207
0.00183322 0.292013
0.00183322 0.29182
0.00183322 0.291626
0.00183322 0.291433
0.00183322 0.29124
0.00183322 0.291046
0.00183322 0.290853
0.00183229 0.290659
0.00183229 0.290466
0.00183229 0.290273
0.00183229 0.290079
0.00183229 0.289886
0.00183229 0.289693
0.00183229 0.289499
0.00183229 0.289306
0.00183229 0.289112
0.00183229 0.288919
0.00183229 0.288726
0.00182404 0.288532
0.00182404 0.288339
0.00182404 0.288145
0.00182404 0.287952
0.00175116 0.287759
0.00175116 0.287565
0.00175116 0.287372
0.00175116 0.287178
0.00175116 0.286985
0.00175116 0.286792
0.00175116 0.286598
0.00175116 0.286405
0.00175067 0.286212
0.00175067 0.286018
0.00175067 0.285825
0.00175067 0.285631
0.00175067 0.285438
0.00175067 0.285245
0.00175067 0.285051
0.00175067 0.284858
0.00175067 0.284664
0.00175067 0.284471
0.00175067 0.284278
0.00175067 0.284084
0.00175067 0.283891
0.00175067 0.283698
0.00175067 0.283504
0.00175067 0.283311
0.00175067 0.283117
0.00175067 0.282924
0.00175067 0.282731
0.00175067 0.282537
0.00175067 0.282344
0.00175067 0.28215
0.00175067 0.281957
0.00175067 0.281764
0.00169789 0.28157
0.00169789 0.281377
0.00169789 0.281184
0.00169789 0.28099
0.00169789 0.280797
0.00169789 0.280603
0.00169789 0.28041
0.00169789 0.280217
0.00169789 0.280023
0.00169789 0.27983
0.00169789 0.279636
0.00169789 0.279443
0.00169789 0.27925
0.00169789 0.279056
0.00169789 0.278863
0.00169789 0.27867
0.00169789 0.278476
0.00169789 0.278283
0.00169789 0.278089
0.00169789 0.277896
0.00169789 0.277703
0.00169789 0.277509
0.00169789 0.277316
0.00169789 0.277122
0.00169789 0.276929
0.00169789 0.276736
0.00169789 0.276542
0.00169789 0.276349
0.00169789 0.276155
0.00169789 0.275962
0.00169789 0.275769
0.00169789 0.275575
0.00169789 0.275382
0.00169789 0.275189
0.00169789 0.274995
0.00169789 0.274802
0.00169789 0.274608
0.00169789 0.274415
0.00169789 0.274222
0.00169789 0.274028
0.00169789 0.273835
0.00169789 0.273641
0.00169789 0.273448
0.00169789 0.273255
0.00169789 0.273061
0.00169789 0.272868
0.00169789 0.272675
0.00169789 0.272481
0.00169789 0.272288
0.00169789 0.272094
0.00169789 0.271901
0.00169789 0.271708
0.00169789 0.271514
0.00165133 0.271321
0.00165133 0.271127
0.00164162 0.270934
0.00164162 0.270741
0.00164162 0.270547
0.00164162 0.270354
0.00164162 0.270161
0.00164162 0.269967
0.00164162 0.269774
0.00164162 0.26958
0.00164162 0.269387
0.00164162 0.269194
0.00164162 0.269
0.00164162 0.268807
0.00164162 0.268613
0.00164162 0.26842
0.00164162 0.268227
0.0016011 0.268033
0.0016011 0.26784
0.0016011 0.267646
0.0016011 0.267453
0.0016011 0.26726
0.0016011 0.267066
0.0016011 0.266873
0.0016011 0.26668
0.0016011 0.266486
0.0016011 0.266293
0.00158156 0.266099
0.00158156 0.265906
0.00157535 0.265713
0.00157535 0.265519
0.00157535 0.265326
0.00157535 0.265132
0.00157535 0.264939
0.00157535 0.264746
0.00157535 0.264552
0.00157535 0.264359
0.00157535 0.264166
0.00157441 0.263972
0.00157441 0.263779
0.00157441 0.263585
0.00157441 0.263392
0.00157441 0.263199
0.00157441 0.263005
0.00157441 0.262812
0.00157441 0.262618
0.00157441 0.262425
0.00157441 0.262232
0.00157441 0.262038
0.00157441 0.261845
0.00157441 0.261652
0.00157441 0.261458
0.00157441 0.261265
0.00157441 0.261071
0.00157441 0.260878
0.00156842 0.260685
0.00156842 0.260491
0.00154577 0.260298
0.00154577 0.260104
0.00154577 0.259911
0.00154577 0.259718
0.00154577 0.259524
0.00154577 0.259331
0.00154577 0.259137
0.00154577 0.258944
0.00154577 0.258751
0.00154577 0.258557
0.00154577 0.258364
0.00154577 0.258171
0.00154577 0.257784
0.00154577 0.25759
0.00154577 0.257397
0.00154577 0.257204
0.00154577 0.25701
0.00154577 0.256817
0.00154577 0.256623
0.00154577 0.25643
0.00154577 0.256237
0.00154577 0.256043
0.00154577 0.25585
0.00154577 0.255657
0.00154577 0.255463
0.00154577 0.25527
0.00154577 0.255076
0.00154577 0.254883
0.00154577 0.25469
0.00154577 0.254496
0.00153258 0.254303
0.00153258 0.254109
0.00153258 0.253916
0.00153258 0.253723
0.00153258 0.253529
0.00152055 0.253336
0.00152055 0.253143
0.00150141 0.252949
0.00150141 0.252756
0.00150141 0.252562
0.00150141 0.252369
0.00150141 0.252176
0.00150141 0.251982
0.00150141 0.251789
0.00150079 0.251595
0.00150079 0.251402
0.00150079 0.251209
0.00150079 0.251015
0.00150079 0.250822
0.00150032 0.250629
0.00150032 0.250435
0.00150032 0.250242
0.00150032 0.250048
0.00150032 0.249855
0.00148543 0.249662
0.00148543 0.249468
0.00148543 0.249275
0.00148543 0.249081
0.00148543 0.248888
0.00148543 0.248695
0.00148543 0.248501
0.00148543 0.248308
0.00148488 0.248114
0.00148488 0.247921
0.00148488 0.247728
0.00148488 0.247534
0.00148488 0.247341
0.00148488 0.247148
0.00148488 0.246954
0.00148488 0.246761
0.00148488 0.246567
0.00148435 0.246374
0.00148435 0.246181
0.00148435 0.245987
0.00148435 0.245794
0.00148435 0.2456
0.00148435 0.245407
0.00148435 0.245214
0.00148435 0.24502
0.00148435 0.244827
0.00148435 0.244634
0.00148435 0.24444
0.00148435 0.244247
0.00148435 0.244053
0.00148435 0.24386
0.00142284 0.243667
0.00142284 0.243473
0.00142284 0.24328
0.0014185 0.243086
0.0014185 0.242893
0.0014185 0.2427
0.0014185 0.242506
0.0014185 0.242313
0.0014185 0.24212
0.0014185 0.241926
0.0014185 0.241733
0.0014185 0.241539
0.0014185 0.241346
0.0014185 0.241153
0.0014185 0.240959
0.0014158 0.240766
0.0014158 0.240572
0.0014158 0.240379
0.0014158 0.240186
0.0014158 0.239992
0.0014158 0.239799
0.0014158 0.239605
0.0014158 0.239412
0.0014158 0.239219
0.0014158 0.239025
0.0014158 0.238832
0.0014158 0.238639
0.0014158 0.238445
0.0014158 0.238252
0.0014158 0.238058
0.0014158 0.237865
0.0014158 0.237672
0.0014158 0.237478
0.0014158 0.237285
0.0014158 0.237091
0.0014158 0.236898
0.0014158 0.236705
0.0014158 0.236511
0.0014158 0.236318
0.0014158 0.236125
0.0014158 0.235931
0.0014158 0.235738
0.0014158 0.235544
0.0014158 0.235351
0.0014158 0.235158
0.00141045 0.234964
0.00141045 0.234771
0.00141045 0.234577
0.00141045 0.234384
0.00141045 0.234191
0.00141045 0.233997
0.00141045 0.233804
0.00141045 0.233611
0.00141045 0.233417
0.00141045 0.233224
0.00141045 0.23303
0.00141045 0.232837
0.00141045 0.232644
0.00141045 0.23245
0.00141045 0.232257
0.00141045 0.232063
0.00141045 0.23187
0.00141045 0.231677
0.00141045 0.231483
0.00141045 0.23129
0.00141045 0.231096
0.00140564 0.230903
0.00140564 0.23071
0.00140564 0.230516
0.00140564 0.230323
0.00140564 0.23013
0.00140564 0.229936
0.00140564 0.229743
0.00140564 0.229549
0.00140564 0.229356
0.00140564 0.229163
0.00140564 0.228969
0.00140564 0.228776
0.00140564 0.228582
0.00140564 0.228389
0.00140564 0.228196
0.00140564 0.228002
0.00140564 0.227809
0.00140548 0.227616
0.00140548 0.227422
0.00140548 0.227229
0.00140548 0.227035
0.00140548 0.226842
0.00140548 0.226649
0.00140548 0.226455
0.00140548 0.226262
0.00140548 0.226068
0.00140548 0.225875
0.00140548 0.225682
0.00140548 0.225488
0.0014005 0.225295
0.0014005 0.225102
0.0014005 0.224908
0.0014005 0.224715
0.0014005 0.224521
0.0014005 0.224328
0.0014005 0.224135
0.00139045 0.223941
0.00139045 0.223748
0.00139045 0.223554
0.00139045 0.223361
0.00139045 0.223168
0.00139045 0.222974
0.00139045 0.222781
0.00139045 0.222588
0.00139045 0.222394
0.00139045 0.222201
0.00135389 0.222007
0.00135389 0.221814
0.00135389 0.221621
0.00135389 0.221427
0.00135389 0.221234
0.00135389 0.22104
0.00135389 0.220847
0.00135389 0.220654
0.00133227 0.22046
0.00133227 0.220267
0.00133227 0.220073
0.00133227 0.21988
0.00133227 0.219687
0.00133227 0.219493
0.00133227 0.2193
0.00133227 0.219107
0.00133227 0.218913
0.00133227 0.21872
0.00133227 0.218526
0.00133227 0.218333
0.00126686 0.21814
0.00124854 0.217946
0.00124854 0.217753
0.00124854 0.217559
0.00124854 0.217366
0.00124854 0.217173
0.00124854 0.216979
0.00124854 0.216786
0.00124854 0.216593
0.00124854 0.216399
0.00124854 0.216206
0.00124854 0.216012
0.00124854 0.215819
0.00124854 0.215626
0.00124854 0.215432
0.00124854 0.215239
0.00124854 0.215045
0.00124854 0.214852
0.00124854 0.214659
0.00124854 0.214465
0.00124854 0.214272
0.00124854 0.214079
0.00124854 0.213885
0.00124854 0.213692
0.00124854 0.213498
0.00124854 0.213305
0.00124854 0.213112
0.00124854 0.212918
0.00124854 0.212725
0.00124854 0.212531
0.00124854 0.212338
0.00124854 0.212145
0.00124854 0.211951
0.00124854 0.211758
0.00124854 0.211564
0.00124854 0.211371
0.00124854 0.211178
0.00124854 0.210984
0.00124854 0.210791
0.00124854 0.210598
0.00124854 0.210404
0.00124854 0.210211
0.00124854 0.210017
0.00124854 0.209824
0.00124854 0.209631
0.00124854 0.209437
0.00124854 0.209244
0.00124854 0.20905
0.00124854 0.208857
0.00124854 0.208664
0.00124854 0.20847
0.00124854 0.208277
0.00124854 0.208084
0.00124854 0.20789
0.00124854 0.207697
0.00124854 0.207503
0.00124854 0.20731
0.00124854 0.207117
0.00124854 0.206923
0.00123833 0.20673
0.00123833 0.206536
0.00123833 0.206343
0.00121941 0.20615
0.00121941 0.205956
0.00121941 0.205763
0.00121941 0.20557
0.00121941 0.205376
0.00121941 0.205183
0.00119206 0.204989
0.00119206 0.204796
0.0011895 0.204603
0.0011895 0.204409
0.0011895 0.204216
0.0011895 0.204022
0.0011895 0.203829
0.0011895 0.203636
0.0011895 0.203442
0.0011895 0.203249
0.0011895 0.203056
0.0011895 0.202862
0.0011895 0.202669
0.0011895 0.202475
0.0011895 0.202282
0.0011895 0.202089
0.00118611 0.201895
0.00118611 0.201702
0.00118611 0.201508
0.00118611 0.201315
0.00118611 0.201122
0.00118611 0.200928
0.00117946 0.200735
0.00117946 0.200541
0.00117946 0.200348
0.00117946 0.200155
0.00117543 0.199961
0.00117543 0.199768
0.00117543 0.199575
0.00117543 0.199381
0.00117543 0.199188
0.00117543 0.198994
0.0011729 0.198801
0.00116188 0.198608
0.00116188 0.198414
0.00116188 0.198221
0.00116188 0.198027
0.00116188 0.197834
0.00116188 0.197641
0.00116188 0.197447
0.00116188 0.197254
0.00116188 0.197061
0.00116188 0.196867
0.00116188 0.196674
0.00116132 0.19648
0.00116132 0.196287
0.00116132 0.196094
0.00115451 0.1959
0.00114599 0.195707
0.00114599 0.195513
0.00114599 0.19532
0.00114599 0.195127
0.00114599 0.194933
0.00114599 0.19474
0.00114599 0.194547
0.00114599 0.194353
0.00111686 0.19416
0.00111686 0.193966
0.00111686 0.193773
0.00111686 0.19358
0.00111686 0.193386
0.00111686 0.193193
0.00111686 0.192999
0.00111686 0.192806
0.00111686 0.192613
0.00111686 0.192419
0.00111686 0.192226
0.00111686 0.192032
0.00111686 0.191839
0.00111686 0.191646
0.00110307 0.191452
0.00110307 0.191259
0.00110307 0.191066
0.00110307 0.190872
0.00110307 0.190679
0.00110307 0.190485
0.00110307 0.190292
0.00110307 0.190099
0.00110307 0.189905
0.00110307 0.189712
0.00110307 0.189518
0.00110307 0.189325
0.00110307 0.189132
0.00110307 0.188938
0.00110123 0.188745
0.00110123 0.188552
0.00110123 0.188358
0.00110123 0.188165
0.00110123 0.187971
0.00109134 0.187778
0.00109134 0.187585
0.00109134 0.187391
0.00109134 0.187198
0.00109134 0.187004
0.00109134 0.186811
0.00109134 0.186618
0.00109134 0.186424
0.00109134 0.186231
0.00109134 0.186038
0.00109134 0.185844
0.00109134 0.185651
0.00109134 0.185457
0.00109134 0.185264
0.00109134 0.185071
0.00109134 0.184877
0.00109134 0.184684
0.00109134 0.18449
0.00109134 0.184297
0.00106875 0.184104
0.00106875 0.18391
0.00106875 0.183717
0.00106875 0.183523
0.00106875 0.18333
0.00106875 0.183137
0.00106875 0.182943
0.00106875 0.18275
0.00106875 0.182557
0.00106875 0.182363
0.00106875 0.18217
0.00106875 0.181976
0.00106875 0.181783
0.00106875 0.18159
0.00106875 0.181396
0.00106875 0.181203
0.00106875 0.181009
0.00106875 0.180816
0.00106875 0.180623
0.00106875 0.180429
0.00106875 0.180236
0.00106875 0.180043
0.00103521 0.179849
0.00103521 0.179656
0.00103521 0.179462
0.00103521 0.179269
0.00103521 0.179076
0.00103521 0.178882
0.00103521 0.178689
0.00103521 0.178495
0.00103521 0.178302
0.00103521 0.178109
0.00103521 0.177915
0.00103521 0.177722
0.00103521 0.177529
0.00103521 0.177335
0.00103521 0.177142
0.00103521 0.176948
0.00103521 0.176755
0.00103521 0.176562
0.00103521 0.176368
0.00103521 0.176175
0.00103521 0.175981
0.00103521 0.175788
0.00103521 0.175595
0.00103521 0.175401
0.00103521 0.175208
0.00103521 0.175015
0.00103521 0.174821
0.00103521 0.174628
0.00103521 0.174434
0.00103521 0.174241
0.00103521 0.174048
0.00103521 0.173854
0.00103521 0.173661
0.00103521 0.173467
0.00103521 0.173274
0.00103521 0.173081
0.00103521 0.172887
0.00103521 0.172694
0.00103521 0.1725
0.00103521 0.172307
0.00103521 0.172114
0.00103521 0.17192
0.00103521 0.171727
0.00103521 0.171534
0.00103521 0.17134
0.00103521 0.171147
0.00103521 0.170953
0.00103521 0.17076
0.00103521 0.170567
0.00103521 0.170373
0.00103521 0.17018
0.00103521 0.169986
0.00103521 0.169793
0.00103521 0.1696
0.00103521 0.169406
0.00103521 0.169213
0.00103521 0.16902
0.00103521 0.168826
0.00102472 0.168633
0.00102472 0.168439
0.00102472 0.168246
0.00102472 0.168053
0.00101268 0.167859
0.00101268 0.167666
0.00101268 0.167472
0.00100258 0.167279
0.00100258 0.167086
0.00100258 0.166892
0.00100258 0.166699
0.00100258 0.166506
0.00100258 0.166312
0.00100258 0.166119
0.00100258 0.165925
0.00100258 0.165732
0.00100258 0.165539
0.00100258 0.165345
0.00100258 0.165152
0.00100258 0.164958
0.00100258 0.164765
0.00100258 0.164572
0.00100258 0.164378
0.00100258 0.164185
0.00100258 0.163991
0.00100258 0.163798
0.00100258 0.163605
0.00100258 0.163411
0.00100258 0.163218
0.00100258 0.163025
0.00100258 0.162831
0.00100258 0.162638
0.00100258 0.162444
0.00100258 0.162251
0.00100258 0.162058
0.00100258 0.161864
0.00100258 0.161671
0.00100258 0.161477
0.00100258 0.161284
0.00100258 0.161091
0.00100258 0.160897
0.00100258 0.160704
0.00100258 0.160511
0.00100258 0.160317
0.00100258 0.160124
0.00100258 0.15993
0.00100258 0.159737
0.00100258 0.159544
0.00100258 0.15935
0.00100258 0.159157
0.00100258 0.158963
0.00100258 0.15877
0.00100258 0.158577
0.00100258 0.158383
0.00100258 0.15819
0.00100258 0.157997
0.00100258 0.157803
0.00100258 0.15761
0.00100258 0.157416
0.00100258 0.157223
0.00100258 0.15703
0.00100258 0.156836
0.00100258 0.156643
0.00100258 0.156449
0.00100258 0.156256
0.00100258 0.156063
0.00100258 0.155869
0.00098009 0.155676
0.00098009 0.155482
0.00098009 0.155289
0.00098009 0.155096
0.00098009 0.154902
0.00098009 0.154709
0.00098009 0.154516
0.00098009 0.154322
0.00098009 0.154129
0.00098009 0.153935
0.00098009 0.153742
0.00098009 0.153549
0.00098009 0.153355
0.00098009 0.153162
0.00098009 0.152968
0.00098009 0.152775
0.00098009 0.152582
0.00098009 0.152388
0.00098009 0.152195
0.00098009 0.152002
0.00098009 0.151808
0.00098009 0.151615
0.00098009 0.151421
0.00098009 0.151228
0.00098009 0.151035
0.000960374 0.150841
0.000960374 0.150648
0.000960374 0.150454
0.000960374 0.150261
0.000960374 0.150068
0.000960374 0.149874
0.000960374 0.149681
0.000960374 0.149488
0.000960374 0.149294
0.000960374 0.149101
0.000960374 0.148907
0.000960374 0.148714
0.000960374 0.148521
0.000960374 0.148327
0.000960374 0.148134
0.000960374 0.14794
0.000960374 0.147747
0.000960374 0.147554
0.000960374 0.14736
0.000936803 0.147167
0.000936803 0.146974
0.000936803 0.14678
0.000936803 0.146587
0.000936803 0.146393
0.000936803 0.1462
0.000936803 0.146007
0.000936803 0.145813
0.000936803 0.14562
0.000936803 0.145426
0.000936803 0.145233
0.000936803 0.14504
0.000936803 0.144846
0.000916893 0.144653
0.000916893 0.144459
0.000916893 0.144266
0.000916893 0.144073
0.000916893 0.143879
0.000916893 0.143686
0.000916893 0.143493
0.000916893 0.143299
0.000916893 0.143106
0.000916893 0.142912
0.000916893 0.142719
0.000909321 0.142526
0.000909321 0.142332
0.000909321 0.142139
0.000909321 0.141945
0.000909321 0.141752
0.000909321 0.141559
0.000909321 0.141365
0.000909321 0.141172
0.000909321 0.140979
0.000909321 0.140785
0.000909321 0.140592
0.000906243 0.140398
0.000906243 0.140205
0.000906243 0.140012
0.000906243 0.139818
0.000906243 0.139625
0.000906243 0.139431
0.000906243 0.139238
0.000906243 0.139045
0.000906243 0.138851
0.000886392 0.138658
0.000886392 0.138465
0.000886392 0.138271
0.000886392 0.138078
0.000886392 0.137884
0.000886392 0.137691
0.000886392 0.137498
0.000886392 0.137304
0.000885737 0.137111
0.000885737 0.136917
0.000885737 0.136724
0.000885737 0.136531
0.000885737 0.136337
0.000885737 0.136144
0.000885737 0.13595
0.000885737 0.135757
0.000885737 0.135564
0.000885737 0.13537
0.000885737 0.135177
0.000885737 0.134984
0.000885737 0.13479
0.000885737 0.134597
0.000885737 0.134403
0.000885737 0.13421
0.000885737 0.134017
0.000885737 0.133823
0.000885737 0.13363
0.000885737 0.133436
0.000885737 0.133243
0.000885737 0.13305
0.000885737 0.132856
0.000885737 0.132663
0.000885737 0.13247
0.000885737 0.132276
0.000885737 0.132083
0.000885737 0.131889
0.000885737 0.131696
0.000885737 0.131503
0.000885737 0.131309
0.000885737 0.131116
0.000885737 0.130922
0.000885737 0.130729
0.000885737 0.130536
0.000885737 0.130342
0.000885737 0.130149
0.000885737 0.129956
0.000885737 0.129762
0.000885737 0.129569
0.000885737 0.129375
0.000885737 0.129182
0.000885737 0.128989
0.000885737 0.128795
0.000885737 0.128602
0.000885737 0.128408
0.000883357 0.128215
0.000883357 0.128022
0.000883357 0.127828
0.000883357 0.127635
0.000883357 0.127442
0.000883357 0.127248
0.000883357 0.127055
0.000883357 0.126861
0.000883357 0.126668
0.000878936 0.126475
0.000878936 0.126281
0.000878936 0.126088
0.000878936 0.125894
0.000878936 0.125701
0.000878936 0.125508
0.000878936 0.125314
0.000878936 0.125121
0.000878936 0.124927
0.000878936 0.124734
0.000878936 0.124541
0.000878936 0.124347
0.000878936 0.124154
0.000878936 0.123961
0.000878936 0.123767
0.000878936 0.123574
0.000878936 0.12338
0.000878936 0.123187
0.000878936 0.122994
0.000878936 0.1228
0.000878936 0.122607
0.000878936 0.122413
0.000878936 0.12222
0.000878936 0.121833
0.000878936 0.12164
0.000878936 0.121447
0.000878936 0.121253
0.000878936 0.12106
0.000878936 0.120866
0.000878936 0.120673
0.000878936 0.12048
0.000878936 0.120286
0.000878936 0.120093
0.000878936 0.119899
0.000878936 0.119706
0.000878936 0.119513
0.000878936 0.119319
0.000878936 0.119126
0.000878936 0.118933
0.000878936 0.118739
0.000878936 0.118546
0.000878936 0.118352
0.000878936 0.118159
0.000878936 0.117966
0.000878936 0.117772
0.000878936 0.117579
0.000878936 0.117385
0.000878936 0.117192
0.000871521 0.116999
0.000871521 0.116805
0.000871521 0.116612
0.000871521 0.116418
0.000871521 0.116225
0.000871521 0.116032
0.000871521 0.115838
0.000871521 0.115645
0.000871521 0.115452
0.000871521 0.115258
0.000871521 0.115065
0.000871521 0.114871
0.000871521 0.114678
0.000871521 0.114485
0.000871521 0.114291
0.000871521 0.114098
0.000871521 0.113904
0.000871521 0.113711
0.000871521 0.113518
0.000871521 0.113324
0.000871521 0.113131
0.000871521 0.112938
0.000871521 0.112744
0.000871521 0.112551
0.000871521 0.112357
0.000871521 0.112164
0.000871521 0.111971
0.000871521 0.111777
0.000871521 0.111584
0.000871521 0.11139
0.000871521 0.111197
0.000871521 0.111004
0.000871521 0.11081
0.000871521 0.110617
0.000871521 0.110424
0.000871521 0.11023
0.000871521 0.110037
0.000871521 0.109843
0.000871521 0.10965
0.000871521 0.109457
0.000871521 0.109263
0.000871521 0.10907
0.000857847 0.108876
0.000857847 0.108683
0.000857847 0.10849
0.000857847 0.108296
0.000857847 0.108103
0.000857847 0.107909
0.000857847 0.107716
0.000857847 0.107523
0.000857847 0.107329
0.000857847 0.107136
0.000857847 0.106943
0.000857847 0.106749
0.000857847 0.106556
0.000857847 0.106362
0.000857847 0.106169
0.000857847 0.105976
0.000857847 0.105782
0.000854213 0.105589
0.000854213 0.105395
0.000854213 0.105202
0.000854213 0.105009
0.000854213 0.104815
0.000854213 0.104622
0.000854213 0.104429
0.000854213 0.104235
0.000854213 0.104042
0.000854213 0.103848
0.000854213 0.103655
0.000854213 0.103462
0.000854213 0.103268
0.000854213 0.103075
0.000839183 0.102881
0.000839183 0.102688
0.000839183 0.102495
0.000839183 0.102301
0.000839183 0.102108
0.000839183 0.101915
0.000839183 0.101721
0.000839183 0.101528
0.000839183 0.101334
0.000839183 0.101141
0.000839183 0.100948
0.000839183 0.100754
0.000839183 0.100561
0.000839183 0.100367
0.000839183 0.100174
0.000839183 0.0999807
0.000839183 0.0997873
0.000839183 0.0995939
0.000839183 0.0994005
0.000839183 0.0992071
0.000839183 0.0990137
0.000839183 0.0988203
0.000839183 0.098627
0.000839183 0.0984336
0.000839183 0.0982402
0.000839183 0.0980468
0.000839183 0.0978534
0.000839183 0.09766
0.000839183 0.0974666
0.000839183 0.0972733
0.000839183 0.0970799
0.000839183 0.0968865
0.000839183 0.0966931
0.000839183 0.0964997
0.000839183 0.0963063
0.000839183 0.0961129
0.000839183 0.0959196
0.000839183 0.0957262
0.000839183 0.0955328
0.000839183 0.0953394
0.000839183 0.095146
0.000839183 0.0949526
0.000833243 0.0947592
0.000833243 0.0945658
0.000833243 0.0943725
0.000833243 0.0941791
0.000833243 0.0939857
0.000833243 0.0937923
0.000833243 0.0935989
0.000833243 0.0934055
0.000833243 0.0932121
0.000833243 0.0930188
0.000833243 0.0928254
0.000833243 0.092632
0.000833243 0.0924386
0.000833243 0.0922452
0.000833243 0.0920518
0.000833243 0.0918584
0.000820165 0.0916651
0.000820165 0.0914717
0.000820165 0.0912783
0.000820165 0.0910849
0.000820165 0.0908915
0.000820165 0.0906981
0.000820165 0.0905047
0.000820165 0.0903114
0.000820165 0.090118
0.000820165 0.0899246
0.000820165 0.0897312
0.000820165 0.0895378
0.000820165 0.0893444
0.000820165 0.089151
0.000820165 0.0889576
0.000820165 0.0887643
0.000820165 0.0885709
0.000820165 0.0883775
0.000820165 0.0881841
0.000801598 0.0879907
0.000801598 0.0877973
0.000801598 0.0876039
0.000801598 0.0874106
0.000801598 0.0872172
0.000801598 0.0870238
0.000801598 0.0868304
0.000801598 0.086637
0.000801598 0.0864436
0.000801598 0.0862502
0.000801598 0.0860569
0.000801598 0.0858635
0.000801598 0.0856701
0.000801598 0.0854767
0.000801598 0.0852833
0.000801598 0.0850899
0.000801598 0.0848965
0.000801598 0.0847032
0.000801598 0.0845098
0.000801598 0.0843164
0.000801598 0.084123
0.000801598 0.0839296
0.000801598 0.0837362
0.000801598 0.0835428
0.000801598 0.0833494
0.000801598 0.0831561
0.000801598 0.0829627
0.000801598 0.0827693
0.000801598 0.0825759
0.000735474 0.0823825
0.000735474 0.0821891
0.000735474 0.0819957
0.000735474 0.0818024
0.000735474 0.081609
0.000735474 0.0814156
0.000735474 0.0812222
0.000735474 0.0810288
0.000735474 0.0808354
0.000715781 0.080642
0.000715781 0.0804487
0.000715781 0.0802553
0.000715781 0.0800619
0.000715781 0.0798685
0.000715781 0.0796751
0.000715781 0.0794817
0.000715781 0.0792883
0.000715781 0.079095
0.000715781 0.0789016
0.000715781 0.0787082
0.000715781 0.0785148
0.000686405 0.0783214
0.000686405 0.078128
0.000686405 0.0779346
0.000686405 0.0777412
0.000665271 0.0775479
0.000665271 0.0773545
0.000665271 0.0771611
0.000655183 0.0769677
0.000655183 0.0767743
0.000637663 0.0765809
0.000637663 0.0763875
0.000637663 0.0761942
0.000637663 0.0760008
0.000637663 0.0758074
0.000637663 0.075614
0.000637663 0.0754206
0.000637663 0.0752272
0.000637663 0.0748405
0.000637663 0.0746471
0.000637663 0.0744537
0.000637663 0.0742603
0.000637663 0.0740669
0.000637663 0.0738735
0.00062674 0.0736801
0.00062674 0.0734868
0.00062674 0.0732934
0.00062674 0.0731
0.00062674 0.0729066
0.00062674 0.0727132
0.00062674 0.0725198
0.00062674 0.0723264
0.00062674 0.072133
0.00062674 0.0719397
0.00062674 0.0717463
0.00062674 0.0715529
0.00062674 0.0713595
0.00062674 0.0711661
0.00062674 0.0709727
0.00062674 0.0707793
0.00062674 0.070586
0.00062674 0.0703926
0.00062674 0.0701992
0.00062674 0.0700058
0.00062674 0.0698124
0.00062674 0.069619
0.00062674 0.0694256
0.00062674 0.0692323
0.00062674 0.0690389
0.00062674 0.0688455
0.00062674 0.0686521
0.000625861 0.0684587
0.00060112 0.0682653
0.00060112 0.0680719
0.00060112 0.0678786
0.00060112 0.0676852
0.00060112 0.0674918
0.00060112 0.0672984
0.00060112 0.067105
0.00060112 0.0669116
0.00060112 0.0667182
0.00060112 0.0665249
0.00060112 0.0663315
0.00060112 0.0661381
0.00060112 0.0659447
0.000599451 0.0657513
0.000599451 0.0655579
0.000599451 0.0653645
0.000599451 0.0651711
0.000599451 0.0649778
0.000599451 0.0647844
0.000599451 0.064591
0.000503561 0.0643976
0.000503561 0.0642042
0.000503561 0.0640108
0.000503561 0.0638174
0.000503561 0.0636241
0.000503561 0.0634307
0.000503561 0.0632373
0.000503561 0.0630439
0.000495182 0.0628505
0.000495182 0.0626571
0.000495182 0.0624637
0.000495182 0.0622704
0.000495182 0.062077
0.000495182 0.0618836
0.000495182 0.0616902
0.000495182 0.0614968
0.000495182 0.0613034
0.000495182 0.06111
0.000473029 0.0609167
0.000473029 0.0607233
0.000473029 0.0605299
0.000473029 0.0603365
0.000473029 0.0601431
0.000473029 0.0599497
0.000473029 0.0597563
0.000473029 0.0595629
0.000473029 0.0593696
0.000473029 0.0591762
0.000473029 0.0589828
0.000473029 0.0587894
0.000473029 0.058596
0.000473029 0.0584026
0.000472605 0.0582092
0.000472605 0.0580159
0.000472605 0.0578225
0.000472605 0.0576291
0.000472605 0.0574357
0.000472605 0.0572423
0.000472605 0.0570489
0.000472605 0.0568555
0.000472605 0.0566622
0.000472605 0.0564688
0.000472605 0.0562754
0.000472605 0.056082
0.000467388 0.0558886
0.000465205 0.0556952
0.000465205 0.0555018
0.000449487 0.0553085
0.000449487 0.0551151
0.000449487 0.0549217
0.000449487 0.0547283
0.000449487 0.0545349
0.000449487 0.0543415
0.000449487 0.0541481
0.000449487 0.0539547
0.000449487 0.0537614
0.000449487 0.053568
0.000449487 0.0533746
0.000449487 0.0531812
0.000449487 0.0529878
0.000449487 0.0527944
0.000449487 0.052601
0.000449487 0.0524077
0.000449487 0.0522143
0.000449487 0.0520209
0.000449487 0.0518275
0.000449487 0.0516341
0.000449487 0.0514407
0.000449487 0.0512473
0.000449487 0.051054
0.000449487 0.0508606
0.000449487 0.0506672
0.000449487 0.0504738
0.00042567 0.0502804
0.00042567 0.050087
0.00042567 0.0498936
0.00042567 0.0497003
0.00042567 0.0495069
0.00042567 0.0493135
0.00042567 0.0491201
0.00042567 0.0489267
0.00042567 0.0487333
0.000421506 0.0485399
0.000421506 0.0483465
0.000421506 0.0481532
0.000421506 0.0479598
0.000421506 0.0477664
0.000421506 0.047573
0.000421506 0.0473796
0.000421506 0.0471862
0.000421506 0.0469928
0.000421506 0.0467995
0.000421506 0.0466061
0.000421506 0.0464127
0.000421506 0.0462193
0.000418334 0.0460259
0.000418334 0.0458325
0.000418334 0.0456391
0.000418334 0.0454458
0.000418334 0.0452524
0.000418334 0.045059
0.000418334 0.0448656
0.000418334 0.0446722
0.000418334 0.0444788
0.000418334 0.0442854
0.000418334 0.0440921
0.000418334 0.0438987
0.000418334 0.0437053
0.000418334 0.0435119
0.000417148 0.0433185
0.000417148 0.0431251
0.000417148 0.0429317
0.000417148 0.0427383
0.000417148 0.042545
0.000417148 0.0423516
0.000417148 0.0421582
0.000417148 0.0419648
0.000417148 0.0417714
0.000417148 0.041578
0.000417148 0.0413846
0.000417148 0.0411913
0.000417148 0.0409979
0.000417148 0.0408045
0.000417148 0.0406111
0.000417148 0.0404177
0.000417148 0.0402243
0.000417148 0.0400309
0.000417148 0.0398376
0.000417148 0.0396442
0.000393237 0.0394508
0.000393237 0.0392574
0.000393237 0.039064
0.000393237 0.0388706
0.000393237 0.0386772
0.000383616 0.0384839
0.000383616 0.0382905
0.000383616 0.0380971
0.000358595 0.0379037
0.000358595 0.0377103
0.000358595 0.0375169
0.000358595 0.0373235
0.000358595 0.0371301
0.000358595 0.0369368
0.000358595 0.0367434
0.000358595 0.03655
0.000358595 0.0363566
0.000358595 0.0361632
0.000358595 0.0359698
0.000358595 0.0357764
0.000358595 0.0355831
0.000358595 0.0353897
0.000358595 0.0351963
0.000358595 0.0350029
0.000358595 0.0348095
0.000358595 0.0346161
0.000358595 0.0344227
0.000358595 0.0342294
0.000358595 0.034036
0.000358595 0.0338426
0.000358595 0.0336492
0.000358595 0.0334558
0.000358595 0.0332624
0.000358595 0.033069
0.000358595 0.0328757
0.000358595 0.0326823
0.000358595 0.0324889
0.000358595 0.0322955
0.000358595 0.0321021
0.000358595 0.0319087
0.000358595 0.0317153
0.000358595 0.0315219
0.000358595 0.0313286
0.000358595 0.0311352
0.000358595 0.0309418
0.000358595 0.0307484
0.000358595 0.030555
0.000345604 0.0303616
0.000345604 0.0301682
0.000345604 0.0299749
0.000345604 0.0297815
0.000345604 0.0295881
0.000345604 0.0293947
0.000345604 0.0292013
0.000345604 0.0290079
0.000345604 0.0288145
0.000345604 0.0286212
0.000345604 0.0284278
0.000345604 0.0282344
0.000345604 0.028041
0.000345604 0.0278476
0.000320854 0.0276542
0.000320854 0.0274608
0.000320854 0.0272675
0.000320854 0.0270741
0.000320854 0.0268807
0.000320854 0.0266873
0.000320854 0.0264939
0.000320854 0.0263005
0.000320854 0.0261071
0.000320854 0.0259137
0.000320854 0.0257204
0.000320854 0.025527
0.000320854 0.0253336
0.000320854 0.0251402
0.000320854 0.0249468
0.000320854 0.0247534
0.000320854 0.02456
0.000320854 0.0243667
0.000320854 0.0241733
0.00023518 0.0239799
0.00023518 0.0237865
0.00023518 0.0235931
0.00023518 0.0233997
0.00023518 0.0232063
0.00023518 0.023013
0.00023518 0.0228196
0.00023518 0.0226262
0.00023518 0.0224328
0.00023518 0.0222394
0.00023518 0.022046
0.000229872 0.0218526
0.000215038 0.0216593
0.000215038 0.0214659
0.000215038 0.0212725
0.000215038 0.0210791
0.000215038 0.0208857
0.000215038 0.0206923
0.000215038 0.0204989
0.000215038 0.0203056
0.000215038 0.0201122
0.000215038 0.0199188
0.000215038 0.0197254
0.000215038 0.019532
0.000215038 0.0193386
0.000215038 0.0191452
0.000215038 0.0189518
0.000215038 0.0187585
0.000215038 0.0185651
0.000191961 0.0183717
0.00019147 0.0181783
0.00019147 0.0179849
0.00019147 0.0177915
0.00019147 0.0175981
0.00019147 0.0174048
0.00019147 0.0172114
0.00019147 0.017018
0.00019147 0.0168246
0.00019147 0.0166312
0.000179017 0.0164378
0.000179017 0.0162444
0.000179017 0.0160511
0.000179017 0.0158577
0.000179017 0.0156643
0.000179017 0.0154709
0.000176185 0.0152775
0.000176185 0.0150841
0.000176185 0.0148907
0.000176185 0.0146974
0.000176185 0.014504
0.000176185 0.0143106
0.000176185 0.0141172
0.000176185 0.0139238
0.000176185 0.0137304
0.00014099 0.013537
0.000135221 0.0133436
0.000110378 0.0131503
0.000110378 0.0129569
0.000110378 0.0127635
8.44197e-05 0.0125701
8.44197e-05 0.0123767
8.44197e-05 0.0121833
8.44197e-05 0.0119899
8.44197e-05 0.0117966
8.44197e-05 0.0116032
8.44197e-05 0.0114098
8.44197e-05 0.0112164
8.44197e-05 0.011023
8.44197e-05 0.0108296
8.44197e-05 0.0106362
8.44197e-05 0.0104429
8.44197e-05 0.0102495
8.44197e-05 0.0100561
8.44197e-05 0.0098627
8.44197e-05 0.00966931
8.44197e-05 0.00947592
8.44197e-05 0.00928254
8.44197e-05 0.00908915
8.44197e-05 0.00889576
1.83889e-05 0.00870238
1.83889e-05 0.00850899
1.83889e-05 0.00831561
1.83889e-05 0.00812222
1.83889e-05 0.00792883
1.83889e-05 0.00773545
1.83889e-05 0.00754206
0 0.00734868
0 0.00715529
0 0.0069619
0 0.00676852
0 0.00657513
0 0.00638174
0 0.00618836
0 0.00599497
0 0.00580159
0 0.0056082
0 0.00541481
0 0.00522143
0 0.00502804
0 0.00483465
0 0.00464127
0 0.00444788
0 0.0042545
0 0.00406111
0 0.00386772
0 0.00367434
0 0.00348095
0 0.00328757
0 0.00309418
0 0.00290079
0 0.00270741
0 0.00251402
0 0.00232063
0 0.00212725
0 0.00193386
0 0.00174048
0 0.00154709
0 0.0013537
0 0.00116032
0 0.000966931
0 0.000773545
0 0.000580159
0 0.000386772
0 0.000193386
0 0
