0.000386772 0.783021 0.000779883
0.000386772 0.782827 0.0008894
0.000386772 0.782634 0.00131431
0.000386772 0.782441 0.00161916
0.000386772 0.782247 0.00208265
0.000386772 0.782054 0.00263244
0.000386772 0.78186 0.00272805
0.000386772 0.781667 0.00344783
0.000386772 0.781474 0.00575075
0.000386772 0.78128 0.00594789
0.000386772 0.781087 0.00638595
0.000386772 0.780893 0.00915529
0.000386772 0.7807 0.010201
0.000386772 0.780507 0.0124212
0.000386772 0.780313 0.0130042
0.000386772 0.78012 0.013278
0.000386772 0.779927 0.0134254
0.000386772 0.779733 0.0155872
0.000386772 0.77954 0.0163296
0.000386772 0.779346 0.018126
0.000386772 0.779153 0.0181489
0.000386772 0.77896 0.0185091
0.000386772 0.778766 0.019049
0.000386772 0.778573 0.0199934
0.000386772 0.778379 0.0200162
0.000386772 0.778186 0.0234574
0.000386772 0.777993 0.0242272
0.000386772 0.777799 0.0244368
0.000386772 0.777606 0.0247715
0.000386772 0.777412 0.0255518
0.000386772 0.777219 0.0287214
0.000386772 0.777026 0.0293172
0.000386772 0.776832 0.0299711
0.000386772 0.776639 0.0312325
0.000386772 0.776446 0.0329841
0.000386772 0.776252 0.0336266
0.000386772 0.776059 0.0353439
0.000386772 0.775865 0.035405
0.000386772 0.775672 0.035696
0.000386772 0.775479 0.0360027
0.000386772 0.775285 0.0361055
0.000386772 0.775092 0.0364465
0.000386772 0.774898 0.03735
0.000386772 0.774705 0.0406428
0.000386772 0.774512 0.0410474
0.000386772 0.774318 0.041062
0.000386772 0.774125 0.0428291
0.000386772 0.773932 0.0438371
0.000386772 0.773738 0.0453752
0.000386772 0.773545 0.0467042
0.000386772 0.773351 0.0482043
0.000386772 0.773158 0.0495287
0.000386772 0.772965 0.050586
0.000386772 0.772771 0.0533171
0.000386772 0.772578 0.0547013
0.000386772 0.772384 0.0577601
0.000386772 0.772191 0.0591673
0.000386772 0.771998 0.0591863
0.000386772 0.771804 0.0602964
0.000386772 0.771611 0.0650838
0.000386772 0.771418 0.0665418
0.000386772 0.771224 0.0687452
0.000386772 0.771031 0.0706604
0.000386772 0.770837 0.0728574
0.000386772 0.770644 0.0733742
0.000386772 0.770451 0.0736359
0.000386772 0.770257 0.0748056
0.000386772 0.770064 0.0751722
0.000386772 0.76987 0.0752879
0.000386772 0.769677 0.0766881
0.000386772 0.769484 0.0785659
0.000386772 0.76929 0.0794764
0.000386772 0.769097 0.0802904
0.000386772 0.768904 0.0813009
0.000386772 0.76871 0.0821804
0.000386772 0.768517 0.0849271
0.000386772 0.768323 0.0859936
0.000386772 0.76813 0.0868519
0.000386772 0.767937 0.0901836
0.000386772 0.767743 0.0902069
0.000386772 0.76755 0.0908197
0.000386772 0.767356 0.093441
0.000386772 0.767163 0.0954875
0.000386772 0.76697 0.100092
0.000386772 0.766776 0.100542
0.000386772 0.766583 0.101094
0.000386772 0.766389 0.101322
0.000386772 0.766196 0.103079
0.000386772 0.766003 0.105393
0.000386772 0.765809 0.10544
0.000386772 0.765616 0.106638
0.000386772 0.765423 0.107595
0.000386772 0.765229 0.107598
0.000386772 0.765036 0.107729
0.000386772 0.764842 0.108185
0.000386772 0.764649 0.109654
0.000386772 0.764456 0.110053
0.000386772 0.764262 0.110168
0.000386772 0.764069 0.110787
0.000386772 0.763875 0.111943
0.000386772 0.763682 0.114395
0.000386772 0.763489 0.11871
0.000386772 0.763295 0.119084
0.000386772 0.763102 0.119318
0.000386772 0.762909 0.120175
0.000386772 0.762715 0.122347
0.000386772 0.762522 0.123228
0.000386772 0.762328 0.123257
0.000386772 0.762135 0.124198
0.000386772 0.761942 0.124501
0.000386772 0.761748 0.125249
0.000386772 0.761555 0.126325
0.000386772 0.761361 0.128107
0.000386772 0.761168 0.130592
0.000386772 0.760975 0.13066
0.000386772 0.760781 0.132194
0.000386772 0.760588 0.132947
0.000386772 0.760395 0.133807
0.000386772 0.760201 0.136265
0.000386772 0.760008 0.138081
0.000386772 0.759814 0.139266
0.000386772 0.759621 0.140781
0.000386772 0.759428 0.143139
0.000386772 0.759234 0.143785
0.000386772 0.759041 0.145774
0.000386772 0.758847 0.146764
0.000386772 0.758654 0.147229
0.000386772 0.758461 0.148641
0.000386772 0.758267 0.153457
0.000386772 0.758074 0.153856
0.000386772 0.75788 0.155915
0.000386772 0.757687 0.156016
0.000386772 0.757494 0.157347
0.000386772 0.7573 0.161303
0.000386772 0.757107 0.162218
0.000386772 0.756914 0.162475
0.000386772 0.75672 0.162898
0.000386772 0.756527 0.163463
0.000386772 0.756333 0.163598
0.000386772 0.75614 0.164084
0.000386772 0.755947 0.166555
0.000386772 0.755753 0.167783
0.000386772 0.75556 0.168033
0.000386772 0.755366 0.169286
0.000386772 0.755173 0.170418
0.000386772 0.75498 0.171283
0.000386772 0.754786 0.178667
0.000386772 0.754593 0.181262
0.000386772 0.7544 0.181881
0.000386772 0.754206 0.182204
0.000386772 0.754013 0.182649
0.000386772 0.753819 0.182742
0.000386772 0.753626 0.183898
0.000386772 0.753433 0.184317
0.000386772 0.753239 0.184709
0.000386772 0.753046 0.185279
0.000386772 0.752852 0.188683
0.000386772 0.752659 0.189156
0.000386772 0.752466 0.189506
0.000386772 0.752272 0.189801
0.000386772 0.752079 0.192895
0.000386772 0.751886 0.193819
0.000386772 0.751692 0.198681
0.000386772 0.751499 0.199281
0.000386772 0.751305 0.20214
0.000386772 0.751112 0.204141
0.000193386 0.751112 0.204858
0.000193386 0.750919 0.20516
0.000193386 0.750725 0.205343
0.000193386 0.750532 0.207194
0.000193386 0.750338 0.207926
0.000193386 0.750145 0.209723
0.000193386 0.749952 0.211081
0.000193386 0.749758 0.21248
0.000193386 0.749565 0.213533
0.000193386 0.749371 0.213916
0.000193386 0.749178 0.214896
0.000193386 0.748985 0.219473
0.000193386 0.748791 0.219693
0.000193386 0.748598 0.223061
0.000193386 0.748405 0.22348
0.000193386 0.748211 0.223523
0.000193386 0.748018 0.223612
0.000193386 0.747824 0.228781
0.000193386 0.747631 0.229222
0.000193386 0.747438 0.229858
0.000193386 0.747244 0.231019
0.000193386 0.747051 0.232546
0.000193386 0.746857 0.232593
0.000193386 0.746664 0.232701
0.000193386 0.746471 0.233078
0.000193386 0.746277 0.233592
0.000193386 0.746084 0.234507
0.000193386 0.745891 0.234623
0.000193386 0.745697 0.235138
0.000193386 0.745504 0.236963
0.000193386 0.74531 0.238798
0.000193386 0.745117 0.238842
0.000193386 0.744924 0.239692
0.000193386 0.74473 0.241317
0.000193386 0.744537 0.241423
0.000193386 0.744343 0.241493
0.000193386 0.74415 0.241744
0.000193386 0.743957 0.242046
0.000193386 0.743763 0.242056
0.000193386 0.74357 0.242058
0.000193386 0.743377 0.242745
0.000193386 0.743183 0.242757
0.000193386 0.74299 0.243364
0.000193386 0.742796 0.245533
0.000193386 0.742603 0.248734
0.000193386 0.74241 0.248895
0.000193386 0.742216 0.250742
0.000193386 0.742023 0.251644
0.000193386 0.741829 0.251667
0.000193386 0.741636 0.251668
0.000193386 0.741443 0.252163
0.000193386 0.741249 0.252933
0.000193386 0.741056 0.253116
0.000193386 0.740863 0.255598
0.000193386 0.740669 0.256355
0.000193386 0.740476 0.256936
0.000193386 0.740282 0.257335
0.000193386 0.740089 0.258311
0.000193386 0.739896 0.259721
0.000193386 0.739702 0.261067
0.000193386 0.739509 0.261721
0.000193386 0.739315 0.262771
0.000193386 0.739122 0.26367
0.000193386 0.738929 0.263979
0.000193386 0.738542 0.264033
0.000193386 0.738348 0.265266
0.000193386 0.738155 0.266844
0.000193386 0.737962 0.267133
0.000193386 0.737768 0.269137
0.000193386 0.737575 0.270309
0.000193386 0.737382 0.271403
0.000193386 0.737188 0.271693
0.000193386 0.736995 0.272088
0.000193386 0.736801 0.272591
0.000193386 0.736608 0.272673
0.000193386 0.736415 0.275252
0.000193386 0.736221 0.277466
0.000193386 0.736028 0.281535
0.000193386 0.735834 0.282145
0.000193386 0.735641 0.282547
0.000193386 0.735448 0.284498
0.000193386 0.735254 0.284548
0.000193386 0.735061 0.284936
0.000193386 0.734868 0.285708
0.000193386 0.734674 0.28817
0.000193386 0.734481 0.288234
0.000193386 0.734287 0.288744
0.000193386 0.734094 0.288845
0.000193386 0.733901 0.289184
0.000193386 0.733707 0.292173
0.000193386 0.733514 0.293501
0.000193386 0.73332 0.293509
0.000193386 0.733127 0.29561
0.000193386 0.732934 0.295665
0.000193386 0.73274 0.296314
0.000193386 0.732547 0.296427
0.000193386 0.732354 0.298265
0.000193386 0.73216 0.298765
0.000193386 0.731967 0.300871
0.000193386 0.731773 0.301025
0.000193386 0.73158 0.301803
0.000193386 0.731387 0.301873
0.000193386 0.731193 0.302065
0.000193386 0.731 0.302187
0.000193386 0.730806 0.302211
0.000193386 0.730613 0.30401
0.000193386 0.73042 0.304037
0.000193386 0.730226 0.30591
0.000193386 0.730033 0.307526
0.000193386 0.729839 0.310026
0.000193386 0.729646 0.310923
0.000193386 0.729453 0.311909
0.000193386 0.729259 0.312191
0.000193386 0.729066 0.312369
0.000193386 0.728873 0.315276
0.000193386 0.728679 0.317669
0.000193386 0.728486 0.322188
0.000193386 0.728292 0.322859
0.000193386 0.728099 0.322919
0.000193386 0.727906 0.323321
0.000193386 0.727712 0.323966
0.000193386 0.727519 0.324187
0.000193386 0.727325 0.324415
0.000193386 0.727132 0.324961
0.000193386 0.726939 0.330478
0.000193386 0.726745 0.330622
0.000193386 0.726552 0.33137
0.000193386 0.726359 0.331508
0.000193386 0.726165 0.331894
0.000193386 0.725972 0.33217
0.000193386 0.725778 0.332353
0.000193386 0.725585 0.332434
0.000193386 0.725392 0.333919
0.000193386 0.725198 0.334398
0.000193386 0.725005 0.334623
0.000193386 0.724811 0.335162
0.000193386 0.724618 0.336596
0.000193386 0.724425 0.336894
0.000193386 0.724231 0.337645
0.000193386 0.724038 0.337811
0.000193386 0.723845 0.3394
0.000193386 0.723651 0.339576
0.000193386 0.723458 0.340164
0.000193386 0.723264 0.340567
0.000193386 0.723071 0.340648
0.000193386 0.722878 0.340789
0.000193386 0.722684 0.341751
0.000193386 0.722491 0.343858
0.000193386 0.722297 0.347024
0.000193386 0.722104 0.347205
0.000193386 0.721911 0.351428
0.000193386 0.721717 0.352041
0.000193386 0.721524 0.352089
0.000193386 0.72133 0.353236
0.000193386 0.721137 0.35411
0.000193386 0.720944 0.355113
0.000193386 0.72075 0.355197
0.000193386 0.720557 0.361214
0.000193386 0.720364 0.361411
0.000193386 0.72017 0.362702
0.000193386 0.719977 0.363423
0.000193386 0.719783 0.364387
0.000193386 0.71959 0.365117
0.000193386 0.719397 0.366303
0.000193386 0.719203 0.366932
0.000193386 0.71901 0.370743
0.000193386 0.718816 0.371132
0.000193386 0.718623 0.371691
0.000193386 0.71843 0.372243
0.000193386 0.718236 0.37244
0.000193386 0.718043 0.373194
0.000193386 0.71785 0.373358
0.000193386 0.717656 0.376115
0.000193386 0.717463 0.376476
0.000193386 0.717269 0.377115
0.000193386 0.717076 0.377509
0.000193386 0.716883 0.378339
0.000193386 0.716689 0.37842
0.000193386 0.716496 0.378506
0.000193386 0.716302 0.379606
0.000193386 0.716109 0.381271
0.000193386 0.715916 0.383784
0.000193386 0.715722 0.383903
0.000193386 0.715529 0.384453
0.000193386 0.715336 0.384866
0.000193386 0.715142 0.385519
0.000193386 0.714949 0.385879
0.000193386 0.714755 0.388832
0.000193386 0.714562 0.390456
0.000193386 0.714369 0.390579
0.000193386 0.714175 0.391671
0.000193386 0.713982 0.391938
0.000193386 0.713788 0.393423
0.000193386 0.713595 0.393677
0.000193386 0.713402 0.393936
0.000193386 0.713208 0.393988
0.000193386 0.713015 0.394936
0.000193386 0.712822 0.397311
0.000193386 0.712628 0.39847
0.000193386 0.712435 0.399275
0.000193386 0.712241 0.400378
0.000193386 0.712048 0.401407
0.000193386 0.711855 0.401591
0.000193386 0.711661 0.403109
0.000193386 0.711468 0.403173
0.000193386 0.711274 0.403736
0.000193386 0.711081 0.404454
0.000193386 0.710888 0.404488
0.000193386 0.710694 0.404592
0.000193386 0.710501 0.407411
0.000193386 0.710307 0.408163
0.000193386 0.710114 0.408212
0.000193386 0.709921 0.40868
0.000193386 0.709727 0.410274
0.000193386 0.709534 0.410302
0.000193386 0.709341 0.411417
0.000193386 0.709147 0.411657
0.000193386 0.708954 0.412753
0.000193386 0.70876 0.412933
0.000193386 0.708567 0.413142
0.000193386 0.708374 0.413303
0.000193386 0.70818 0.413511
0.000193386 0.707987 0.413984
0.000193386 0.707793 0.414199
0.000193386 0.7076 0.41422
0.000193386 0.707407 0.414373
0.000193386 0.707213 0.414647
0.000193386 0.70702 0.414923
0.000193386 0.706827 0.416706
0.000193386 0.706633 0.417331
0.000193386 0.70644 0.417369
0.000193386 0.706246 0.417859
0.000193386 0.706053 0.418324
0.000193386 0.70586 0.419138
0.000193386 0.705666 0.41954
0.000193386 0.705473 0.419702
0.000193386 0.705279 0.419944
0.000193386 0.705086 0.420601
0.000193386 0.704893 0.423115
0.000193386 0.704699 0.425589
0.000193386 0.704506 0.428346
0.000193386 0.704313 0.428602
0.000193386 0.704119 0.429547
0.000193386 0.703926 0.430353
0.000193386 0.703732 0.430651
0.000193386 0.703539 0.431833
0.000193386 0.703346 0.431843
0.000193386 0.703152 0.431956
0.000193386 0.702959 0.432205
0.000193386 0.702765 0.432218
0.000193386 0.702572 0.432626
0.000193386 0.702379 0.434238
0.000193386 0.702185 0.434408
0.000193386 0.701992 0.436003
0.000193386 0.701798 0.436639
0.000193386 0.701605 0.437701
0.000193386 0.701412 0.437988
0.000193386 0.701218 0.438578
0.000193386 0.701025 0.438763
0.000193386 0.700832 0.438996
0.000193386 0.700638 0.439804
0.000193386 0.700445 0.439842
0.000193386 0.700251 0.441327
0.000193386 0.700058 0.44728
0.000193386 0.699865 0.447566
0.000193386 0.699671 0.448437
0.000193386 0.699478 0.448622
0.000193386 0.699284 0.450378
0.000193386 0.698898 0.453558
0.000193386 0.698704 0.454189
0.000193386 0.698511 0.454614
0.000193386 0.698318 0.454838
0.000193386 0.698124 0.454903
0.000193386 0.697931 0.455644
0.000193386 0.697737 0.455828
0.000193386 0.697544 0.455829
0.000193386 0.697351 0.458763
0.000193386 0.697157 0.459178
0.000193386 0.696964 0.459799
0.000193386 0.69677 0.460396
0.000193386 0.696577 0.46057
0.000193386 0.696384 0.461407
0.000193386 0.69619 0.462351
0.000193386 0.695997 0.462358
0.000193386 0.695804 0.463529
0.000193386 0.69561 0.464834
0.000193386 0.695417 0.46522
0.000193386 0.695223 0.46594
0.000193386 0.69503 0.467447
0.000193386 0.694837 0.46811
0.000193386 0.694643 0.470684
0.000193386 0.69445 0.470871
0.000193386 0.694256 0.475604
0.000193386 0.694063 0.478955
0.000193386 0.69387 0.478975
0.000193386 0.693676 0.481268
0.000193386 0.693483 0.482483
0.000193386 0.693289 0.485366
0.000193386 0.693096 0.485904
0.000193386 0.692903 0.489247
0.000193386 0.692709 0.489476
0.000193386 0.692516 0.489936
0.000193386 0.692323 0.4904
0.000193386 0.692129 0.491021
0.000193386 0.691936 0.491065
0.000193386 0.691742 0.4929
0.000193386 0.691549 0.493453
0.000193386 0.691356 0.495566
0.000193386 0.691162 0.49569
0.000193386 0.690969 0.496426
0.000193386 0.690775 0.496963
0.000193386 0.690582 0.497394
0.000193386 0.690389 0.499951
0.000193386 0.690195 0.500384
0.000193386 0.690002 0.500673
0.000193386 0.689809 0.501331
0.000193386 0.689615 0.501963
0.000193386 0.689422 0.501988
0.000193386 0.689228 0.502176
0.000193386 0.689035 0.502674
0.000193386 0.688842 0.504529
0.000193386 0.688648 0.505116
0.000193386 0.688455 0.505481
0.000193386 0.688261 0.506121
0.000193386 0.688068 0.507042
0.000193386 0.687875 0.507122
0.000193386 0.687681 0.507504
0.000193386 0.687488 0.50764
0.000193386 0.687295 0.507947
0.000193386 0.687101 0.508891
0.000193386 0.686908 0.511509
0.000193386 0.686714 0.512722
0.000193386 0.686521 0.513096
0.000193386 0.686328 0.513898
0.000193386 0.686134 0.516636
0.000193386 0.685941 0.517902
0.000193386 0.685747 0.517934
0.000193386 0.685554 0.520377
0.000193386 0.685361 0.52065
0.000193386 0.685167 0.520772
0.000193386 0.684974 0.521077
0.000193386 0.684781 0.52176
0.000193386 0.684587 0.522155
0.000193386 0.684394 0.522291
0.000193386 0.6842 0.522396
0.000193386 0.684007 0.523429
0.000193386 0.683814 0.524211
0.000193386 0.68362 0.524458
0.000193386 0.683427 0.526647
0.000193386 0.683233 0.5279
0.000193386 0.68304 0.527937
0.000193386 0.682847 0.528885
0.000193386 0.682653 0.529405
0.000193386 0.68246 0.529958
0.000193386 0.682266 0.531437
0.000193386 0.682073 0.531801
0.000193386 0.68188 0.533214
0.000193386 0.681686 0.535653
0.000193386 0.681493 0.535728
0.000193386 0.6813 0.535787
0.000193386 0.681106 0.535807
0.000193386 0.680913 0.536036
0.000193386 0.680719 0.537466
0.000193386 0.680526 0.538823
0.000193386 0.680333 0.541948
0.000193386 0.680139 0.542585
0.000193386 0.679946 0.542685
0.000193386 0.679752 0.544018
0.000193386 0.679559 0.545077
0.000193386 0.679366 0.545688
0.000193386 0.679172 0.546474
0.000193386 0.678979 0.547844
0.000193386 0.678786 0.548274
0.000193386 0.678592 0.548349
0.000193386 0.678399 0.548452
0.000193386 0.678205 0.548786
0.000193386 0.678012 0.549831
0.000193386 0.677819 0.550879
0.000193386 0.677625 0.550915
0.000193386 0.677432 0.551438
0.000193386 0.677238 0.552162
0.000193386 0.677045 0.553249
0.000193386 0.676852 0.554219
0.000193386 0.676658 0.555624
0.000193386 0.676465 0.556052
0.000193386 0.676272 0.556269
0.000193386 0.676078 0.557974
0.000193386 0.675885 0.559239
0.000193386 0.675691 0.560595
0.000193386 0.675498 0.561507
0.000193386 0.675305 0.561904
0.000193386 0.675111 0.564744
0.000193386 0.674918 0.566425
0.000193386 0.674724 0.566474
0.000193386 0.674531 0.567193
0.000193386 0.674338 0.567753
0.000193386 0.674144 0.568995
0.000193386 0.673951 0.573421
0.000193386 0.673757 0.573451
0.000193386 0.673564 0.573698
0.000193386 0.673371 0.577779
0.000193386 0.673177 0.578005
0.000193386 0.672984 0.579999
0.000193386 0.672791 0.580189
0.000193386 0.672597 0.580538
0.000193386 0.672404 0.581629
0.000193386 0.67221 0.582421
0.000193386 0.672017 0.582815
0.000193386 0.671824 0.582853
0.000193386 0.67163 0.583347
0.000193386 0.671437 0.583834
0.000193386 0.671243 0.585625
0.000193386 0.67105 0.586338
0.000193386 0.670857 0.587635
0.000193386 0.670663 0.587647
0.000193386 0.67047 0.588513
0.000193386 0.670277 0.590222
0.000193386 0.670083 0.591162
0.000193386 0.66989 0.592227
0.000193386 0.669696 0.592521
0.000193386 0.669503 0.595166
0.000193386 0.66931 0.596583
0.000193386 0.669116 0.597081
0.000193386 0.668923 0.598711
0.000193386 0.668729 0.598782
0.000193386 0.668536 0.601221
0.000193386 0.668343 0.601278
0.000193386 0.668149 0.601763
0.000193386 0.667956 0.601936
0.000193386 0.667763 0.60262
0.000193386 0.667569 0.603387
0.000193386 0.667376 0.604099
0.000193386 0.667182 0.60496
0.000193386 0.666989 0.606491
0.000193386 0.666796 0.6065
0.000193386 0.666602 0.608301
0.000193386 0.666409 0.608984
0.000193386 0.666215 0.609701
0.000193386 0.666022 0.609852
0.000193386 0.665829 0.610346
0.000193386 0.665635 0.610858
0.000193386 0.665442 0.610877
0.000193386 0.665249 0.613127
0.000193386 0.665055 0.613999
0.000193386 0.664862 0.614919
0.000193386 0.664668 0.615076
0.000193386 0.664475 0.61537
0.000193386 0.664282 0.615669
0.000193386 0.664088 0.616159
0.000193386 0.663895 0.616352
0.000193386 0.663701 0.61688
0.000193386 0.663508 0.617104
0.000193386 0.663315 0.61844
0.000193386 0.663121 0.619186
0.000193386 0.662928 0.619313
0.000193386 0.662734 0.61957
0.000193386 0.662541 0.620017
0.000193386 0.662348 0.62019
0.000193386 0.662154 0.620195
0.000193386 0.661961 0.620242
0.000193386 0.661768 0.62054
0.000193386 0.661574 0.622047
0.000193386 0.661381 0.622502
0.000193386 0.661187 0.624346
0.000193386 0.660994 0.624558
0.000193386 0.660801 0.62571
0.000193386 0.660607 0.628948
0.000193386 0.660414 0.630478
0.000193386 0.66022 0.631067
0.000193386 0.660027 0.631619
0.000193386 0.659834 0.631679
0.000193386 0.65964 0.632129
0.000193386 0.659447 0.63373
0.000193386 0.659254 0.633805
0.000193386 0.65906 0.634447
0.000193386 0.658867 0.634451
0.000193386 0.658673 0.634519
0.000193386 0.65848 0.635496
0.000193386 0.658287 0.635997
0.000193386 0.658093 0.636255
0.000193386 0.6579 0.636994
0.000193386 0.657706 0.637912
0.000193386 0.657513 0.63866
0.000193386 0.65732 0.638723
0.000193386 0.657126 0.639413
0.000193386 0.656933 0.640053
0.000193386 0.65674 0.641589
0.000193386 0.656546 0.64216
0.000193386 0.656353 0.642675
0.000193386 0.656159 0.642779
0.000193386 0.655966 0.642949
0.000193386 0.655773 0.643654
0.000193386 0.655579 0.644895
0.000193386 0.655386 0.645304
0.000193386 0.655192 0.646899
0.000193386 0.654999 0.647295
0.000193386 0.654806 0.647458
0.000193386 0.654612 0.648021
0.000193386 0.654419 0.648405
0.000193386 0.654225 0.649153
0.000193386 0.654032 0.649554
0.000193386 0.653839 0.649638
0.000193386 0.653645 0.651835
0.000193386 0.653452 0.651841
0.000193386 0.653259 0.652586
0.000193386 0.653065 0.653114
0.000193386 0.652872 0.653863
0.000193386 0.652678 0.653925
0.000193386 0.652485 0.654939
0.000193386 0.652292 0.655693
0.000193386 0.652098 0.65588
0.000193386 0.651905 0.656265
0.000193386 0.651711 0.656564
0.000193386 0.651518 0.657205
0.000193386 0.651325 0.659186
0.000193386 0.651131 0.662024
0.000193386 0.650938 0.664156
0.000193386 0.650745 0.667131
0.000193386 0.650551 0.668179
0.000193386 0.650358 0.670148
0.000193386 0.650164 0.670186
0.000193386 0.649971 0.670543
0.000193386 0.649778 0.671544
0.000193386 0.649584 0.672757
0.000193386 0.649391 0.675252
0.000193386 0.649197 0.678362
0.000193386 0.649004 0.678701
0.000193386 0.648811 0.679449
0.000193386 0.648617 0.679705
0.000193386 0.648424 0.680277
0.000193386 0.648231 0.680728
0.000193386 0.648037 0.681288
0.000193386 0.647844 0.68288
0.000193386 0.64765 0.683719
0.000193386 0.647457 0.684104
0.000193386 0.647264 0.686577
0.000193386 0.64707 0.686884
0.000193386 0.646877 0.687208
0.000193386 0.646683 0.687522
0.000193386 0.64649 0.688436
0.000193386 0.646297 0.690471
0.000193386 0.646103 0.69231
0.000193386 0.64591 0.692648
0.000193386 0.645716 0.693281
0.000193386 0.645523 0.694123
0.000193386 0.64533 0.695017
0.000193386 0.645136 0.695262
0.000193386 0.644943 0.69562
0.000193386 0.64475 0.695662
0.000193386 0.644556 0.695803
0.000193386 0.644363 0.696426
0.000193386 0.644169 0.696687
0.000193386 0.643976 0.697189
0.000193386 0.643783 0.697557
0.000193386 0.643589 0.700646
0.000193386 0.643396 0.700807
0.000193386 0.643202 0.700896
0.000193386 0.643009 0.702104
0.000193386 0.642816 0.702339
0.000193386 0.642622 0.703193
0.000193386 0.642429 0.704534
0.000193386 0.642236 0.706006
0.000193386 0.642042 0.706617
0.000193386 0.641849 0.70679
0.000193386 0.641655 0.707106
0.000193386 0.641462 0.707888
0.000193386 0.641269 0.709383
0.000193386 0.641075 0.709408
0.000193386 0.640882 0.710724
0.000193386 0.640688 0.710934
0.000193386 0.640495 0.711086
0.000193386 0.640302 0.711226
0.000193386 0.640108 0.711282
0.000193386 0.639915 0.71129
0.000193386 0.639722 0.711345
0.000193386 0.639528 0.711528
0.000193386 0.639335 0.711808
0.000193386 0.639141 0.712701
0.000193386 0.638948 0.712731
0.000193386 0.638755 0.713738
0.000193386 0.638561 0.714454
0.000193386 0.638368 0.714487
0.000193386 0.638174 0.715288
0.000193386 0.637981 0.715657
0.000193386 0.637788 0.716399
0.000193386 0.637594 0.716794
0.000193386 0.637401 0.71717
0.000193386 0.637208 0.717455
0.000193386 0.637014 0.718612
0.000193386 0.636821 0.720074
0.000193386 0.636627 0.721625
0.000193386 0.636434 0.722269
0.000193386 0.636241 0.722561
0.000193386 0.636047 0.72279
0.000193386 0.635854 0.72347
0.000193386 0.63566 0.723888
0.000193386 0.635467 0.725145
0.000193386 0.635274 0.725359
0.000193386 0.63508 0.72642
0.000193386 0.634887 0.72659
0.000193386 0.634693 0.727024
0.000193386 0.6345 0.728871
0.000193386 0.634307 0.728874
0.000193386 0.634113 0.729553
0.000193386 0.63392 0.730591
0.000193386 0.633727 0.731658
0.000193386 0.633533 0.73191
0.000193386 0.63334 0.732507
0.000193386 0.633146 0.733445
0.000193386 0.632953 0.73436
0.000193386 0.63276 0.735128
0.000193386 0.632566 0.735815
0.000193386 0.632373 0.73711
0.000193386 0.632179 0.737828
0.000193386 0.631986 0.739097
0.000193386 0.631793 0.739254
0.000193386 0.631599 0.739922
0.000193386 0.631406 0.742117
0.000193386 0.631213 0.743082
0.000193386 0.631019 0.743922
0.000193386 0.630826 0.744205
0.000193386 0.630632 0.749083
0.000193386 0.630439 0.750221
0.000193386 0.630246 0.750519
0.000193386 0.630052 0.750793
0.000193386 0.629859 0.751232
0.000193386 0.629665 0.752028
0.000193386 0.629472 0.752256
0.000193386 0.629279 0.752481
0.000193386 0.629085 0.753615
0.000193386 0.628892 0.754849
0.000193386 0.628699 0.754971
0.000193386 0.628505 0.755184
0.000193386 0.628312 0.755246
0.000193386 0.628118 0.756703
0.000193386 0.627925 0.757187
0.000193386 0.627732 0.757679
0.000193386 0.627538 0.758953
0.000193386 0.627345 0.759775
0.000193386 0.627151 0.760042
0.000193386 0.626958 0.760246
0.000193386 0.626765 0.760393
0.000193386 0.626571 0.76079
0.000193386 0.626378 0.760881
0.000193386 0.626184 0.76098
0.000193386 0.625991 0.7632
0.000193386 0.625798 0.763647
0.000193386 0.625604 0.764192
0.000193386 0.625411 0.764232
0.000193386 0.625218 0.764937
0.000193386 0.625024 0.766198
0.000193386 0.624831 0.767384
0.000193386 0.624637 0.767709
0.000193386 0.624444 0.768242
0.000193386 0.624251 0.769761
0.000193386 0.624057 0.771047
0.000193386 0.623864 0.772793
0.000193386 0.62367 0.773747
0.000193386 0.623477 0.773784
0.000193386 0.623284 0.774959
0.000193386 0.62309 0.775145
0.000193386 0.622897 0.775482
0.000193386 0.622704 0.775592
0.000193386 0.62251 0.775899
0.000193386 0.622317 0.777934
0.000193386 0.622123 0.779128
0.000193386 0.62193 0.780465
0.000193386 0.621737 0.781205
0.000193386 0.621543 0.781577
0.000193386 0.62135 0.781674
0.000193386 0.621156 0.782592
0.000193386 0.620963 0.78309
0.000193386 0.62077 0.78444
0.000193386 0.620576 0.785398
0.000193386 0.620383 0.787009
0.000193386 0.62019 0.787106
0.000193386 0.619996 0.787128
0.000193386 0.619803 0.787141
0.000193386 0.619609 0.787349
0.000193386 0.619416 0.791161
0.000193386 0.619223 0.79269
0.000193386 0.619029 0.7927
0.000193386 0.618836 0.793454
0.000193386 0.618642 0.793519
0.000193386 0.618449 0.793601
0.000193386 0.618256 0.793935
0.000193386 0.618062 0.794441
0.000193386 0.617869 0.794442
0.000193386 0.617675 0.795095
0.000193386 0.617482 0.796689
0.000193386 0.617289 0.797425
0.000193386 0.617095 0.798246
0.000193386 0.616902 0.798265
0.000193386 0.616709 0.799964
0.000193386 0.616515 0.802631
0.000193386 0.616322 0.802683
0.000193386 0.616128 0.802696
0.000193386 0.615935 0.803923
0.000193386 0.615742 0.804486
0.000193386 0.615548 0.806795
0.000193386 0.615355 0.807131
0.000193386 0.615161 0.807376
0.000193386 0.614968 0.808124
0.000193386 0.614775 0.808364
0.000193386 0.614581 0.80839
0.000193386 0.614388 0.808899
0.000193386 0.614195 0.80912
0.000193386 0.614001 0.810029
0.000193386 0.613808 0.81042
0.000193386 0.613614 0.810502
0.000193386 0.613421 0.810889
0.000193386 0.613228 0.81141
0.000193386 0.613034 0.811535
0.000193386 0.612841 0.812296
0.000193386 0.612647 0.81286
0.000193386 0.612454 0.813665
0.000193386 0.612261 0.815825
0.000193386 0.612067 0.816001
0.000193386 0.611874 0.816766
0.000193386 0.611681 0.817339
0.000193386 0.611487 0.818178
0.000193386 0.611294 0.818362
0.000193386 0.6111 0.81867
0.000193386 0.610907 0.818891
0.000193386 0.610714 0.81993
0.000193386 0.61052 0.820212
0.000193386 0.610327 0.821287
0.000193386 0.610133 0.821424
0.000193386 0.60994 0.821517
0.000193386 0.609747 0.823312
0.000193386 0.609553 0.823826
0.000193386 0.60936 0.825619
0.000193386 0.609167 0.825842
0.000193386 0.608973 0.826124
0.000193386 0.60878 0.826731
0.000193386 0.608586 0.826899
0.000193386 0.608393 0.826921
0.000193386 0.6082 0.828496
0.000193386 0.608006 0.828606
0.000193386 0.607813 0.828759
0.000193386 0.607619 0.828914
0.000193386 0.607426 0.828972
0.000193386 0.607233 0.830444
0.000193386 0.607039 0.830673
0.000193386 0.606846 0.832393
0.000193386 0.606652 0.832496
0.000193386 0.606459 0.832658
0.000193386 0.606266 0.83486
0.000193386 0.606072 0.83614
0.000193386 0.605879 0.836173
0.000193386 0.605686 0.836437
0.000193386 0.605492 0.836859
0.000193386 0.605299 0.837701
0.000193386 0.605105 0.838245
0.000193386 0.604912 0.83964
0.000193386 0.604719 0.840428
0.000193386 0.604525 0.841118
0.000193386 0.604332 0.842517
0.000193386 0.604138 0.842739
0.000193386 0.603945 0.843394
0.000193386 0.603752 0.84345
0.000193386 0.603558 0.845584
0.000193386 0.603365 0.846539
0.000193386 0.603172 0.847112
0.000193386 0.602978 0.84838
0.000193386 0.602785 0.848577
0.000193386 0.602591 0.848765
0.000193386 0.602398 0.850343
0.000193386 0.602205 0.851316
0.000193386 0.602011 0.853537
0.000193386 0.601818 0.853609
0.000193386 0.601624 0.854731
0.000193386 0.601431 0.855023
0.000193386 0.601238 0.855194
0.000193386 0.601044 0.855629
0.000193386 0.600851 0.856038
0.000193386 0.600658 0.856611
0.000193386 0.600464 0.857192
0.000193386 0.600271 0.858051
0.000193386 0.600077 0.859363
0.000193386 0.599884 0.862129
0.000193386 0.599691 0.864094
0.000193386 0.599497 0.86626
0.000193386 0.599304 0.866931
0.000193386 0.59911 0.86722
0.000193386 0.598917 0.868407
0.000193386 0.598724 0.868658
0.000193386 0.59853 0.86959
0.000193386 0.598337 0.87079
0.000193386 0.598143 0.871121
0.000193386 0.59795 0.872391
0.000193386 0.597757 0.87258
0.000193386 0.597563 0.872952
0.000193386 0.59737 0.872992
0.000193386 0.597177 0.872992
0.000193386 0.596983 0.873638
0.000193386 0.59679 0.874228
0.000193386 0.596596 0.874823
0.000193386 0.596403 0.874867
0.000193386 0.59621 0.87602
0.000193386 0.596016 0.876643
0.000193386 0.595823 0.877709
0.000193386 0.595629 0.877943
0.000193386 0.595436 0.87822
0.000193386 0.595243 0.878479
0.000193386 0.595049 0.878489
0.000193386 0.594856 0.878776
0.000193386 0.594663 0.879999
0.000193386 0.594469 0.880032
0.000193386 0.594276 0.880581
0.000193386 0.594082 0.882626
0.000193386 0.593889 0.884075
0.000193386 0.593696 0.884783
0.000193386 0.593502 0.885186
0.000193386 0.593309 0.885814
0.000193386 0.593115 0.886223
0.000193386 0.592922 0.886566
0.000193386 0.592729 0.886659
0.000193386 0.592535 0.887203
0.000193386 0.592342 0.888897
0.000193386 0.592149 0.88949
0.000193386 0.591955 0.889699
0.000193386 0.591762 0.889737
0.000193386 0.591568 0.889883
0.000193386 0.591375 0.892051
0.000193386 0.591182 0.892828
0.000193386 0.590988 0.893356
0.000193386 0.590795 0.894088
0.000193386 0.590601 0.89448
0.000193386 0.590408 0.894486
0.000193386 0.590215 0.895094
0.000193386 0.590021 0.897107
0.000193386 0.589828 0.89788
0.000193386 0.589635 0.898063
0.000193386 0.589441 0.89886
0.000193386 0.589248 0.899365
0.000193386 0.589054 0.90074
0.000193386 0.588861 0.901026
0.000193386 0.588668 0.901178
0.000193386 0.588474 0.901508
0.000193386 0.588281 0.901746
0.000193386 0.588087 0.901923
0.000193386 0.587894 0.902358
0.000193386 0.587701 0.903176
0.000193386 0.587507 0.903875
0.000193386 0.587314 0.904251
0.000193386 0.58712 0.906716
0.000193386 0.586927 0.906848
0.000193386 0.586734 0.906923
0.000193386 0.58654 0.907349
0.000193386 0.586347 0.907372
0.000193386 0.586154 0.908009
0.000193386 0.58596 0.908115
0.000193386 0.585767 0.908155
0.000193386 0.585573 0.90896
0.000193386 0.58538 0.910302
0.000193386 0.585187 0.911551
0.000193386 0.584993 0.91233
0.000193386 0.5848 0.91246
0.000193386 0.584606 0.912757
0.000193386 0.584413 0.912804
0.000193386 0.58422 0.914079
0.000193386 0.584026 0.916571
0.000193386 0.583833 0.919176
0.000193386 0.58364 0.920547
0.000193386 0.583446 0.921086
0.000193386 0.583253 0.922582
0.000193386 0.583059 0.923005
0.000193386 0.582866 0.92351
0.000193386 0.582673 0.923722
0.000193386 0.582479 0.923928
0.000193386 0.582286 0.923962
0.000193386 0.582092 0.924043
0.000193386 0.581899 0.924125
0.000193386 0.581706 0.924272
0.000193386 0.581512 0.925206
0.000193386 0.581319 0.92521
0.000193386 0.581126 0.927133
0.000193386 0.580932 0.927253
0.000193386 0.580739 0.928501
0.000193386 0.580545 0.929084
0.000193386 0.580352 0.929852
0.000193386 0.580159 0.930475
0.000193386 0.579965 0.930587
0.000193386 0.579772 0.93304
0.000193386 0.579578 0.933132
0.000193386 0.579385 0.933459
0.000193386 0.579192 0.933754
0.000193386 0.578998 0.93466
0.000193386 0.578805 0.934876
0.000193386 0.578611 0.935913
0.000193386 0.578418 0.936154
0.000193386 0.578225 0.936289
0.000193386 0.578031 0.937528
0.000193386 0.577838 0.938154
0.000193386 0.577645 0.938202
0.000193386 0.577451 0.93914
0.000193386 0.577258 0.940129
0.000193386 0.577064 0.940298
0.000193386 0.576871 0.941205
0.000193386 0.576678 0.941434
0.000193386 0.576484 0.942441
0.000193386 0.576291 0.942614
0.000193386 0.576097 0.943803
0.000193386 0.575904 0.94462
0.000193386 0.575711 0.945394
0.000193386 0.575517 0.945855
0.000193386 0.575324 0.946022
0.000193386 0.575131 0.947508
0.000193386 0.574937 0.947648
0.000193386 0.574744 0.94852
0.000193386 0.57455 0.948795
0.000193386 0.574357 0.948859
0.000193386 0.574164 0.949259
0.000193386 0.57397 0.949476
0.000193386 0.573777 0.950605
0.000193386 0.573583 0.95142
0.000193386 0.57339 0.95165
0.000193386 0.573197 0.951703
0.000193386 0.573003 0.952411
0.000193386 0.57281 0.952814
0.000193386 0.572617 0.952947
0.000193386 0.572423 0.953044
0.000193386 0.57223 0.954141
0.000193386 0.572036 0.954367
0.000193386 0.571843 0.95523
0.000193386 0.57165 0.956048
0.000193386 0.571456 0.957039
0.000193386 0.571263 0.957315
0.000193386 0.571069 0.957639
0.000193386 0.570876 0.958147
0.000193386 0.570683 0.958236
0.000193386 0.570489 0.958566
0.000193386 0.570296 0.958769
0.000193386 0.570102 0.959233
0.000193386 0.569909 0.959345
0.000193386 0.569716 0.959441
0.000193386 0.569522 0.959502
0.000193386 0.569329 0.960812
0.000193386 0.569136 0.960996
0.000193386 0.568942 0.961099
0.000193386 0.568749 0.961663
0.000193386 0.568555 0.96175
0.000193386 0.568362 0.961941
0.000193386 0.568169 0.963072
0.000193386 0.567975 0.963371
0.000193386 0.567782 0.963675
0.000193386 0.567588 0.965046
0.000193386 0.567395 0.966468
0.000193386 0.567202 0.966528
0.000193386 0.567008 0.967211
0.000193386 0.566815 0.967639
0.000193386 0.566622 0.968231
0.000193386 0.566428 0.968528
0.000193386 0.566235 0.968688
0.000193386 0.566041 0.968817
0.000193386 0.565848 0.969164
0.000193386 0.565655 0.97047
0.000193386 0.565461 0.972912
0.000193386 0.565268 0.973247
0.000193386 0.565074 0.97423
0.000193386 0.564881 0.974586
0.000193386 0.564688 0.974599
0.000193386 0.564494 0.97487
0.000193386 0.564301 0.976767
0.000193386 0.564108 0.977183
0.000193386 0.563914 0.977277
0.000193386 0.563721 0.978152
0.000193386 0.563527 0.979383
0.000193386 0.563334 0.979435
0.000193386 0.563141 0.980594
0.000193386 0.562947 0.980664
0.000193386 0.562754 0.981367
0.000193386 0.56256 0.982566
0.000193386 0.562367 0.982692
0.000193386 0.562174 0.98361
0.000193386 0.56198 0.983769
0.000193386 0.561787 0.984052
0.000193386 0.561594 0.984238
0.000193386 0.5614 0.985226
0.000193386 0.561207 0.986106
0.000193386 0.561013 0.986159
0.000193386 0.56082 0.986212
0.000193386 0.560627 0.987041
0.000193386 0.560433 0.987531
0.000193386 0.56024 0.988538
0.000193386 0.560046 0.988719
0 0.560046 0.989169
0 0.559853 0.989291
0 0.55966 0.989765
0 0.559466 0.989871
0 0.559273 0.991554
0 0.559079 0.99158
0 0.558886 0.991814
0 0.558693 0.992068
0 0.558499 0.992079
0 0.558306 0.992266
0 0.558113 0.992323
0 0.557919 0.992349
0 0.557726 0.992824
0 0.557532 0.994557
0 0.557339 0.995125
0 0.557146 0.995609
0 0.556952 0.996533
0 0.556759 0.997005
0 0.556565 0.997142
0 0.556372 0.997812
0 0.556179 0.998625
0 0.555985 0.998762
0 0.555792 0.998807
0 0.555599 0.999179
0 0.555405 0.999757
0 0.555212 0.999922
0 0.555018 1.00015
0 0.554825 1.00067
0 0.554632 1.00233
0 0.554438 1.00236
0 0.554245 1.00261
0 0.554051 1.00273
0 0.553858 1.00363
0 0.553471 1.00375
0 0.553278 1.00494
0 0.553085 1.00507
0 0.552891 1.00519
0 0.552698 1.00569
0 0.552504 1.00574
0 0.552311 1.00604
0 0.552118 1.00622
0 0.551924 1.00624
0 0.551731 1.00631
0 0.551537 1.00694
0 0.551344 1.00695
0 0.551151 1.00717
0 0.550957 1.00779
0 0.550764 1.00785
0 0.55057 1.00829
0 0.550377 1.00856
0 0.550184 1.00935
0 0.54999 1.00949
0 0.549797 1.01034
0 0.549604 1.01069
0 0.54941 1.01137
0 0.549217 1.01143
0 0.549023 1.01172
0 0.54883 1.01218
0 0.548637 1.0129
0 0.548443 1.01301
0 0.54825 1.0133
0 0.548056 1.01444
0 0.547863 1.01473
0 0.54767 1.0151
0 0.547476 1.01579
0 0.547283 1.01692
0 0.54709 1.01853
0 0.546896 1.01863
0 0.546703 1.01956
0 0.546509 1.01977
0 0.546316 1.01997
0 0.546123 1.02029
0 0.545929 1.02071
0 0.545736 1.02092
0 0.545542 1.02102
0 0.545349 1.02112
0 0.545156 1.02168
0 0.544769 1.02193
0 0.544576 1.02209
0 0.544382 1.02362
0 0.544189 1.02413
0 0.543995 1.0254
0 0.543802 1.0257
0 0.543609 1.02655
0 0.543415 1.02658
0 0.543222 1.02709
0 0.543028 1.02721
0 0.542835 1.0273
0 0.542642 1.02872
0 0.542448 1.02958
0 0.542255 1.02961
0 0.542061 1.02977
0 0.541868 1.02996
0 0.541675 1.03037
0 0.541481 1.03058
0 0.541288 1.03119
0 0.541095 1.03167
0 0.540901 1.0317
0 0.540708 1.03176
0 0.540514 1.03232
0 0.540321 1.03246
0 0.540128 1.03299
0 0.539934 1.03418
0 0.539741 1.0343
0 0.539547 1.03435
0 0.539354 1.03484
0 0.539161 1.03506
0 0.538967 1.03555
0 0.538774 1.03647
0 0.538581 1.0367
0 0.538387 1.03692
0 0.538194 1.03728
0 0.538 1.03745
0 0.537807 1.038
0 0.537614 1.0383
0 0.53742 1.03842
0 0.537227 1.03865
0 0.537033 1.0395
0 0.53684 1.04024
0 0.536647 1.04126
0 0.536453 1.04198
0 0.53626 1.04202
0 0.536067 1.04246
0 0.535873 1.04256
0 0.53568 1.04287
0 0.535486 1.04338
0 0.535293 1.04362
0 0.5351 1.04371
0 0.534906 1.04412
0 0.534713 1.04418
0 0.534519 1.0445
0 0.534326 1.04557
0 0.534133 1.04566
0 0.533939 1.04611
0 0.533746 1.04766
0 0.533553 1.04805
0 0.533359 1.04816
0 0.533166 1.04914
0 0.532972 1.04987
0 0.532779 1.05022
0 0.532586 1.05023
0 0.532392 1.05169
0 0.532199 1.0518
0 0.532005 1.05195
0 0.531812 1.05337
0 0.531619 1.05375
0 0.531425 1.05414
0 0.531232 1.05525
0 0.531038 1.05588
0 0.530845 1.05602
0 0.530652 1.0562
0 0.530458 1.05621
0 0.530265 1.05629
0 0.530072 1.05659
0 0.529878 1.05661
0 0.529685 1.05754
0 0.529491 1.05769
0 0.529298 1.05817
0 0.529105 1.0602
0 0.528911 1.06032
0 0.528718 1.0604
0 0.528524 1.06114
0 0.528331 1.06125
0 0.528138 1.0615
0 0.527944 1.06251
0 0.527751 1.06263
0 0.527558 1.06265
0 0.527364 1.06367
0 0.527171 1.06392
0 0.526977 1.06485
0 0.526784 1.06507
0 0.526591 1.06533
0 0.526397 1.06672
0 0.526204 1.06818
0 0.52601 1.06851
0 0.525817 1.06934
0 0.525624 1.06936
0 0.52543 1.06985
0 0.525237 1.07062
0 0.525044 1.07067
0 0.52485 1.07078
0 0.524657 1.0715
0 0.524463 1.07192
0 0.52427 1.07252
0 0.524077 1.07337
0 0.523883 1.07349
0 0.52369 1.0736
0 0.523496 1.0738
0 0.523303 1.07385
0 0.52311 1.07518
0 0.522916 1.07572
0 0.522723 1.07649
0 0.522529 1.07675
0 0.522336 1.07711
0 0.522143 1.07946
0 0.521949 1.07956
0 0.521756 1.07958
0 0.521563 1.08106
0 0.521369 1.08135
0 0.521176 1.08179
0 0.520982 1.08186
0 0.520789 1.08242
0 0.520596 1.0831
0 0.520402 1.08314
0 0.520209 1.08343
0 0.520015 1.08416
0 0.519822 1.08484
0 0.519629 1.08521
0 0.519435 1.08535
0 0.519242 1.08579
0 0.519049 1.08701
0 0.518855 1.0878
0 0.518662 1.08829
0 0.518468 1.08923
0 0.518275 1.0907
0 0.518082 1.0913
0 0.517888 1.09135
0 0.517695 1.09169
0 0.517501 1.09279
0 0.517308 1.09306
0 0.517115 1.09308
0 0.516921 1.09363
0 0.516728 1.09377
0 0.516535 1.09474
0 0.516341 1.09537
0 0.516148 1.09548
0 0.515954 1.09576
0 0.515761 1.09607
0 0.515568 1.09879
0 0.515374 1.09935
0 0.515181 1.09978
0 0.514987 1.10026
0 0.514794 1.10115
0 0.514601 1.10121
0 0.514407 1.10139
0 0.514214 1.10143
0 0.51402 1.10146
0 0.513827 1.10151
0 0.513634 1.10352
0 0.51344 1.10405
0 0.513247 1.10419
0 0.513054 1.10515
0 0.51286 1.10636
0 0.512667 1.10697
0 0.512473 1.10767
0 0.51228 1.10775
0 0.512087 1.10804
0 0.511893 1.10816
0 0.5117 1.10845
0 0.511506 1.10875
0 0.511313 1.10889
0 0.51112 1.1089
0 0.510926 1.10992
0 0.510733 1.11014
0 0.51054 1.11374
0 0.510346 1.11379
0 0.510153 1.11386
0 0.509959 1.11439
0 0.509766 1.11445
0 0.509573 1.11471
0 0.509379 1.11479
0 0.509186 1.11588
0 0.508992 1.11666
0 0.508799 1.11668
0 0.508606 1.11676
0 0.508412 1.11923
0 0.508219 1.11969
0 0.508026 1.12062
0 0.507832 1.1211
0 0.507639 1.12139
0 0.507445 1.12152
0 0.507252 1.12158
0 0.507059 1.12159
0 0.506865 1.12256
0 0.506672 1.12257
0 0.506478 1.12258
0 0.506285 1.12411
0 0.506092 1.12464
0 0.505898 1.12465
0 0.505705 1.12519
0 0.505512 1.12522
0 0.505318 1.12704
0 0.505125 1.12786
0 0.504931 1.12797
0 0.504738 1.12816
0 0.504545 1.12873
0 0.504351 1.12898
0 0.504158 1.129
0 0.503964 1.12952
0 0.503771 1.12954
0 0.503578 1.12986
0 0.503384 1.13007
0 0.503191 1.13039
0 0.502997 1.13094
0 0.502804 1.13118
0 0.502611 1.13174
0 0.502417 1.13232
0 0.502224 1.13232
0 0.502031 1.13265
0 0.501837 1.1334
0 0.501644 1.13375
0 0.50145 1.13432
0 0.501257 1.13475
0 0.501064 1.13516
0 0.50087 1.13531
0 0.500677 1.13531
0 0.500483 1.13588
0 0.50029 1.13591
0 0.500097 1.13724
0 0.499903 1.13769
0 0.49971 1.13878
0 0.499517 1.13946
0 0.499323 1.13951
0 0.49913 1.1399
0 0.498936 1.14067
0 0.498743 1.14083
0 0.49855 1.14153
0 0.498356 1.14208
0 0.498163 1.14277
0 0.497969 1.1459
0 0.497776 1.14595
0 0.497583 1.14608
0 0.497389 1.14693
0 0.497196 1.14728
0 0.497003 1.14765
0 0.496809 1.14961
0 0.496616 1.15004
0 0.496422 1.15026
0 0.496229 1.15064
0 0.496036 1.1517
0 0.495842 1.1531
0 0.495649 1.15365
0 0.495455 1.15415
0 0.495262 1.15445
0 0.495069 1.1547
0 0.494875 1.15549
0 0.494682 1.1562
0 0.494488 1.15664
0 0.494295 1.1568
0 0.494102 1.15695
0 0.493908 1.15768
0 0.493715 1.15839
0 0.493522 1.15992
0 0.493328 1.15996
0 0.493135 1.16041
0 0.492941 1.16104
0 0.492748 1.16165
0 0.492555 1.1618
0 0.492361 1.16195
0 0.492168 1.16211
0 0.491974 1.16288
0 0.491781 1.16305
0 0.491588 1.16328
0 0.491394 1.16331
0 0.491201 1.16362
0 0.491008 1.16372
0 0.490814 1.16423
0 0.490621 1.16457
0 0.490427 1.16634
0 0.490234 1.16639
0 0.490041 1.16765
0 0.489847 1.16772
0 0.489654 1.16789
0 0.48946 1.16871
0 0.489267 1.16946
0 0.489074 1.16948
0 0.48888 1.16985
0 0.488687 1.17021
0 0.488494 1.17197
0 0.4883 1.1721
0 0.488107 1.17307
0 0.487913 1.17331
0 0.48772 1.17368
0 0.487527 1.1739
0 0.487333 1.17396
0 0.48714 1.17426
0 0.486946 1.17449
0 0.486753 1.17497
0 0.48656 1.17594
0 0.486366 1.17663
0 0.486173 1.17789
0 0.48598 1.17812
0 0.485786 1.17904
0 0.485593 1.17907
0 0.485399 1.17926
0 0.485206 1.17965
0 0.485013 1.17969
0 0.484819 1.17993
0 0.484626 1.18085
0 0.484432 1.1823
0 0.484239 1.1827
0 0.484046 1.18275
0 0.483852 1.18286
0 0.483659 1.18429
0 0.483465 1.18439
0 0.483272 1.18608
0 0.483079 1.18669
0 0.482885 1.1873
0 0.482692 1.18771
0 0.482499 1.18808
0 0.482305 1.18822
0 0.482112 1.1893
0 0.481918 1.1894
0 0.481725 1.19058
0 0.481532 1.1912
0 0.481338 1.19127
0 0.481145 1.19131
0 0.480951 1.19175
0 0.480758 1.19198
0 0.480565 1.19208
0 0.480371 1.19276
0 0.480178 1.19298
0 0.479985 1.19354
0 0.479791 1.19485
0 0.479598 1.19574
0 0.479404 1.19633
0 0.479211 1.19659
0 0.479018 1.19737
0 0.478824 1.19765
0 0.478631 1.1978
0 0.478437 1.19804
0 0.478244 1.19824
0 0.478051 1.19825
0 0.477857 1.19837
0 0.477664 1.19841
0 0.477471 1.19843
0 0.477277 1.19939
0 0.477084 1.19949
0 0.47689 1.19952
0 0.476697 1.19956
0 0.476504 1.19963
0 0.47631 1.20024
0 0.476117 1.20024
0 0.475923 1.2005
0 0.47573 1.20075
0 0.475537 1.20119
0 0.475343 1.20163
0 0.47515 1.20197
0 0.474956 1.20245
0 0.474763 1.20258
0 0.47457 1.20289
0 0.474376 1.20312
0 0.474183 1.2041
0 0.47399 1.20428
0 0.473796 1.2044
0 0.473603 1.20465
0 0.473216 1.20533
0 0.473023 1.20586
0 0.472829 1.20867
0 0.472636 1.20884
0 0.472442 1.20924
0 0.472249 1.20954
0 0.472056 1.20989
0 0.471862 1.2101
0 0.471669 1.21057
0 0.471476 1.21079
0 0.471282 1.21192
0 0.471089 1.212
0 0.470895 1.21208
0 0.470702 1.21259
0 0.470509 1.2128
0 0.470315 1.21624
0 0.470122 1.21661
0 0.469928 1.21823
0 0.469735 1.21843
0 0.469542 1.21864
0 0.469348 1.21898
0 0.469155 1.22004
0 0.468962 1.22027
0 0.468768 1.22059
0 0.468575 1.2212
0 0.468381 1.22142
0 0.468188 1.22176
0 0.467995 1.22192
0 0.467801 1.22223
0 0.467608 1.22227
0 0.467414 1.22228
0 0.467221 1.22248
0 0.467028 1.2226
0 0.466834 1.22264
0 0.466641 1.22305
0 0.466447 1.22339
0 0.466254 1.22381
0 0.466061 1.22454
0 0.465867 1.22461
0 0.465674 1.22621
0 0.465481 1.22633
0 0.465287 1.22665
0 0.465094 1.22686
0 0.4649 1.22689
0 0.464707 1.22696
0 0.464514 1.22853
0 0.46432 1.22859
0 0.464127 1.22889
0 0.463933 1.229
0 0.46374 1.22935
0 0.463547 1.22965
0 0.463353 1.22973
0 0.46316 1.23037
0 0.462967 1.23193
0 0.462773 1.23228
0 0.46258 1.23319
0 0.462386 1.23329
0 0.462193 1.23442
0 0.462 1.23585
0 0.461806 1.23595
0 0.461613 1.23799
0 0.461419 1.23805
0 0.461226 1.23812
0 0.461033 1.23826
0 0.460839 1.23862
0 0.460646 1.23894
0 0.460453 1.23946
0 0.460259 1.23948
0 0.460066 1.23979
0 0.459872 1.23991
0 0.459679 1.2409
0 0.459486 1.24122
0 0.459292 1.24132
0 0.459099 1.24143
0 0.458905 1.24187
0 0.458712 1.24267
0 0.458519 1.24268
0 0.458325 1.24295
0 0.458132 1.24354
0 0.457939 1.24392
0 0.457745 1.24429
0 0.457552 1.24559
0 0.457358 1.24569
0 0.457165 1.24624
0 0.456972 1.24686
0 0.456778 1.24712
0 0.456585 1.24734
0 0.456391 1.24741
0 0.456198 1.24751
0 0.456005 1.24758
0 0.455811 1.24796
0 0.455618 1.24879
0 0.455424 1.24889
0 0.455231 1.24901
0 0.455038 1.24957
0 0.454844 1.24984
0 0.454651 1.25116
0 0.454458 1.2512
0 0.454264 1.25127
0 0.454071 1.25188
0 0.453877 1.25226
0 0.453684 1.25252
0 0.453491 1.25455
0 0.453297 1.25458
0 0.453104 1.25538
0 0.45291 1.25539
0 0.452717 1.25557
0 0.452524 1.25634
0 0.45233 1.25685
0 0.452137 1.25763
0 0.451944 1.25911
0 0.45175 1.25917
0 0.451557 1.25934
0 0.451363 1.25958
0 0.45117 1.26103
0 0.450977 1.26174
0 0.450783 1.26178
0 0.45059 1.2621
0 0.450396 1.26217
0 0.450203 1.26399
0 0.45001 1.26445
0 0.449816 1.26464
0 0.449623 1.26572
0 0.44943 1.26587
0 0.449236 1.26631
0 0.449043 1.26766
0 0.448849 1.26868
0 0.448656 1.26882
0 0.448463 1.26994
0 0.448269 1.27066
0 0.448076 1.27122
0 0.447882 1.272
0 0.447689 1.27281
0 0.447496 1.27335
0 0.447302 1.27377
0 0.447109 1.27391
0 0.446915 1.27433
0 0.446722 1.27689
0 0.446529 1.27695
0 0.446335 1.27772
0 0.446142 1.27817
0 0.445949 1.27849
0 0.445755 1.27852
0 0.445562 1.27883
0 0.445368 1.27924
0 0.445175 1.27929
0 0.444982 1.27974
0 0.444788 1.27978
0 0.444595 1.27979
0 0.444401 1.28074
0 0.444208 1.28106
0 0.444015 1.28118
0 0.443821 1.28142
0 0.443628 1.28169
0 0.443435 1.28171
0 0.443241 1.28195
0 0.443048 1.28422
0 0.442854 1.28497
0 0.442661 1.28532
0 0.442468 1.28626
0 0.442274 1.28692
0 0.442081 1.28709
0 0.441887 1.28714
0 0.441694 1.28772
0 0.441501 1.28986
0 0.441307 1.29033
0 0.441114 1.29047
0 0.440921 1.29088
0 0.440727 1.29319
0 0.440534 1.29363
0 0.44034 1.29365
0 0.440147 1.29391
0 0.439954 1.29545
0 0.43976 1.29697
0 0.439567 1.29716
0 0.439373 1.2975
0 0.43918 1.29773
0 0.438987 1.29787
0 0.438793 1.298
0 0.4386 1.2992
0 0.438406 1.29937
0 0.438213 1.29949
0 0.43802 1.30208
0 0.437826 1.30254
0 0.437633 1.30264
0 0.43744 1.30391
0 0.437246 1.30432
0 0.437053 1.30443
0 0.436859 1.30481
0 0.436666 1.30506
0 0.436473 1.30601
0 0.436279 1.30671
0 0.436086 1.30674
0 0.435892 1.30781
0 0.435699 1.30786
0 0.435506 1.3087
0 0.435312 1.31006
0 0.435119 1.31007
0 0.434926 1.31008
0 0.434732 1.31052
0 0.434539 1.31088
0 0.434345 1.31101
0 0.434152 1.31129
0 0.433959 1.31163
0 0.433765 1.31202
0 0.433572 1.31216
0 0.433378 1.31241
0 0.433185 1.31267
0 0.432992 1.31294
0 0.432798 1.3132
0 0.432605 1.31343
0 0.432412 1.31435
0 0.432218 1.31482
0 0.432025 1.31567
0 0.431831 1.31591
0 0.431638 1.31596
0 0.431445 1.3161
0 0.431251 1.31738
0 0.431058 1.31745
0 0.430864 1.31805
0 0.430671 1.31856
0 0.430478 1.31914
0 0.430284 1.31917
0 0.430091 1.31986
0 0.429898 1.31999
0 0.429704 1.32045
0 0.429511 1.32137
0 0.429317 1.32168
0 0.429124 1.32196
0 0.428931 1.32215
0 0.428737 1.3231
0 0.428544 1.32326
0 0.42835 1.3235
0 0.428157 1.32359
0 0.427964 1.32374
0 0.42777 1.32418
0 0.427577 1.32423
0 0.427383 1.32429
0 0.42719 1.32523
0 0.426997 1.32682
0 0.426803 1.32759
0 0.42661 1.32822
0 0.426417 1.32923
0 0.426223 1.32925
0 0.42603 1.32975
0 0.425836 1.33049
0 0.425643 1.33114
0 0.42545 1.33138
0 0.425256 1.33197
0 0.425063 1.33255
0 0.424869 1.33375
0 0.424676 1.33399
0 0.424483 1.33429
0 0.424289 1.33462
0 0.424096 1.33538
0 0.423903 1.33585
0 0.423709 1.33713
0 0.423516 1.33775
0 0.423322 1.3387
0 0.423129 1.34051
0 0.422936 1.34094
0 0.422742 1.34143
0 0.422549 1.34156
0 0.422355 1.34317
0 0.422162 1.34361
0 0.421969 1.34376
0 0.421775 1.34439
0 0.421582 1.34503
0 0.421389 1.3452
0 0.421195 1.34672
0 0.421002 1.34679
0 0.420808 1.34708
0 0.420615 1.3476
0 0.420422 1.34816
0 0.420228 1.34886
0 0.420035 1.34962
0 0.419841 1.35004
0 0.419648 1.35014
0 0.419455 1.35026
0 0.419261 1.35169
0 0.418874 1.35173
0 0.418681 1.35277
0 0.418488 1.3533
0 0.418294 1.3533
0 0.418101 1.35345
0 0.417908 1.35349
0 0.417714 1.354
0 0.417521 1.3541
0 0.417327 1.35426
0 0.417134 1.35431
0 0.416941 1.35466
0 0.416747 1.35474
0 0.416554 1.35519
0 0.41636 1.35519
0 0.416167 1.35547
0 0.415974 1.35549
0 0.41578 1.35618
0 0.415587 1.35636
0 0.415394 1.357
0 0.4152 1.35733
0 0.415007 1.35812
0 0.414813 1.35835
0 0.41462 1.35942
0 0.414427 1.36158
0 0.414233 1.36187
0 0.41404 1.3619
0 0.413846 1.36194
0 0.413653 1.36203
0 0.41346 1.36214
0 0.413266 1.36279
0 0.413073 1.36336
0 0.41288 1.36462
0 0.412686 1.36489
0 0.412493 1.36532
0 0.412299 1.36583
0 0.412106 1.36739
0 0.411913 1.36745
0 0.411719 1.36761
0 0.411526 1.3685
0 0.411332 1.36913
0 0.411139 1.36958
0 0.410946 1.36972
0 0.410752 1.36972
0 0.410559 1.37029
0 0.410365 1.37034
0 0.410172 1.37039
0 0.409979 1.37048
0 0.409785 1.37106
0 0.409592 1.37114
0 0.409399 1.37124
0 0.409205 1.37189
0 0.409012 1.37316
0 0.408818 1.37353
0 0.408625 1.374
0 0.408432 1.37422
0 0.408238 1.37433
0 0.408045 1.37592
0 0.407851 1.37612
0 0.407658 1.37794
0 0.407465 1.37804
0 0.407271 1.37832
0 0.407078 1.37892
0 0.406885 1.3799
0 0.406691 1.37995
0 0.406498 1.38114
0 0.406304 1.38257
0 0.406111 1.38347
0 0.405918 1.38375
0 0.405724 1.38381
0 0.405531 1.38435
0 0.405337 1.38455
0 0.405144 1.3846
0 0.404951 1.38494
0 0.404757 1.38547
0 0.404564 1.38563
0 0.404371 1.38578
0 0.404177 1.38616
0 0.403984 1.38677
0 0.40379 1.38687
0 0.403597 1.38744
0 0.403404 1.38791
0 0.40321 1.38793
0 0.403017 1.38811
0 0.402823 1.38899
0 0.40263 1.39071
0 0.402437 1.39104
0 0.402243 1.39181
0 0.40205 1.39218
0 0.401857 1.39296
0 0.401663 1.39448
0 0.40147 1.39486
0 0.401276 1.39486
0 0.401083 1.39504
0 0.40089 1.39554
0 0.400696 1.39616
0 0.400503 1.3965
0 0.400309 1.39669
0 0.400116 1.3968
0 0.399923 1.39737
0 0.399729 1.39808
0 0.399536 1.39833
0 0.399342 1.39852
0 0.399149 1.39853
0 0.398956 1.39892
0 0.398762 1.3997
0 0.398569 1.39972
0 0.398376 1.39981
0 0.398182 1.39993
0 0.397989 1.40026
0 0.397795 1.40043
0 0.397602 1.4005
0 0.397409 1.40063
0 0.397215 1.4008
0 0.397022 1.40183
0 0.396828 1.40233
0 0.396635 1.40273
0 0.396442 1.40447
0 0.396248 1.40539
0 0.396055 1.40567
0 0.395862 1.40582
0 0.395668 1.40585
0 0.395475 1.40665
0 0.395281 1.40676
0 0.395088 1.40683
0 0.394895 1.40855
0 0.394701 1.40934
0 0.394508 1.40968
0 0.394314 1.41037
0 0.394121 1.41075
0 0.393928 1.41093
0 0.393734 1.41135
0 0.393541 1.41162
0 0.393348 1.41222
0 0.393154 1.41337
0 0.392961 1.4139
0 0.392767 1.41425
0 0.392574 1.41577
0 0.392381 1.41594
0 0.392187 1.41631
0 0.391994 1.41634
0 0.3918 1.41639
0 0.391607 1.41679
0 0.391414 1.41714
0 0.39122 1.4172
0 0.391027 1.41778
0 0.390833 1.41958
0 0.39064 1.41958
0 0.390447 1.41995
0 0.390253 1.42008
0 0.39006 1.42133
0 0.389867 1.42244
0 0.389673 1.42267
0 0.38948 1.42315
0 0.389286 1.4233
0 0.389093 1.42356
0 0.3889 1.42377
0 0.388706 1.42404
0 0.388513 1.42414
0 0.388319 1.42442
0 0.388126 1.42479
0 0.387933 1.42509
0 0.387739 1.42512
0 0.387546 1.4272
0 0.387353 1.42786
0 0.387159 1.42791
0 0.386966 1.42852
0 0.386772 1.42873
0 0.386579 1.4292
0 0.386386 1.42924
0 0.386192 1.42978
0 0.385999 1.43003
0 0.385805 1.43055
0 0.385612 1.43087
0 0.385419 1.4309
0 0.385225 1.43115
0 0.385032 1.43252
0 0.384839 1.43302
0 0.384645 1.43362
0 0.384452 1.43375
0 0.384258 1.43382
0 0.384065 1.43384
0 0.383872 1.43389
0 0.383678 1.43491
0 0.383485 1.43516
0 0.383291 1.43526
0 0.383098 1.4356
0 0.382905 1.43582
0 0.382711 1.43617
0 0.382518 1.43747
0 0.382325 1.43762
0 0.382131 1.43768
0 0.381938 1.43893
0 0.381744 1.43959
0 0.381551 1.44033
0 0.381358 1.44045
0 0.381164 1.44052
0 0.380971 1.4408
0 0.380777 1.44113
0 0.380584 1.44123
0 0.380391 1.4414
0 0.380197 1.44191
0 0.380004 1.44221
0 0.37981 1.44253
0 0.379617 1.4426
0 0.379424 1.44302
0 0.37923 1.44306
0 0.379037 1.44401
0 0.378844 1.44415
0 0.37865 1.44446
0 0.378457 1.44459
0 0.378263 1.4449
0 0.37807 1.44526
0 0.377877 1.44596
0 0.377683 1.4462
0 0.37749 1.44625
0 0.377296 1.44636
0 0.377103 1.4471
0 0.37691 1.44749
0 0.376716 1.4476
0 0.376523 1.44808
0 0.37633 1.44815
0 0.376136 1.44815
0 0.375943 1.44846
0 0.375749 1.44949
0 0.375556 1.45086
0 0.375363 1.45139
0 0.375169 1.45143
0 0.374976 1.45243
0 0.374782 1.45252
0 0.374589 1.45275
0 0.374396 1.45321
0 0.374202 1.45323
0 0.374009 1.45441
0 0.373816 1.45447
0 0.373622 1.45475
0 0.373429 1.45491
0 0.373235 1.45553
0 0.373042 1.45555
0 0.372849 1.45595
0 0.372655 1.45622
0 0.372462 1.45692
0 0.372268 1.45701
0 0.372075 1.45773
0 0.371882 1.45813
0 0.371688 1.45823
0 0.371495 1.45927
0 0.371301 1.46038
0 0.371108 1.46083
0 0.370915 1.46154
0 0.370721 1.46166
0 0.370528 1.46235
0 0.370335 1.46251
0 0.370141 1.46276
0 0.369948 1.46276
0 0.369754 1.46316
0 0.369561 1.4634
0 0.369368 1.46456
0 0.369174 1.46513
0 0.368981 1.46526
0 0.368787 1.46537
0 0.368594 1.46571
0 0.368401 1.46584
0 0.368207 1.4663
0 0.368014 1.46668
0 0.367821 1.46839
0 0.367627 1.46885
0 0.367434 1.46955
0 0.36724 1.46966
0 0.367047 1.47
0 0.366854 1.47039
0 0.36666 1.47041
0 0.366467 1.47085
0 0.366273 1.47129
0 0.36608 1.47134
0 0.365887 1.47178
0 0.365693 1.47234
0 0.3655 1.47314
0 0.365307 1.47325
0 0.365113 1.47388
0 0.36492 1.4744
0 0.364726 1.47484
0 0.364533 1.47495
0 0.36434 1.4753
0 0.364146 1.47625
0 0.363759 1.47793
0 0.363566 1.47797
0 0.363373 1.47866
0 0.363179 1.48111
0 0.362986 1.48333
0 0.362792 1.48387
0 0.362599 1.48433
0 0.362406 1.48502
0 0.362212 1.48515
0 0.362019 1.48581
0 0.361826 1.48587
0 0.361632 1.48612
0 0.361439 1.48625
0 0.361245 1.4868
0 0.361052 1.48683
0 0.360859 1.48695
0 0.360665 1.48696
0 0.360472 1.48707
0 0.360278 1.48731
0 0.360085 1.48733
0 0.359892 1.48777
0 0.359698 1.48799
0 0.359505 1.48864
0 0.359312 1.48864
0 0.359118 1.48902
0 0.358925 1.48995
0 0.358731 1.49061
0 0.358538 1.49066
0 0.358345 1.49067
0 0.358151 1.49097
0 0.357958 1.49188
0 0.357764 1.49189
0 0.357571 1.49207
0 0.357378 1.49224
0 0.357184 1.49229
0 0.356991 1.49235
0 0.356798 1.49312
0 0.356604 1.49457
0 0.356411 1.49515
0 0.356217 1.4954
0 0.356024 1.4965
0 0.355831 1.49684
0 0.355637 1.49733
0 0.355444 1.49735
0 0.35525 1.49748
0 0.355057 1.49815
0 0.354864 1.49816
0 0.35467 1.49818
0 0.354477 1.49819
0 0.354284 1.49863
0 0.35409 1.49867
0 0.353897 1.49907
0 0.353703 1.49917
0 0.35351 1.50084
0 0.353317 1.50148
0 0.353123 1.50179
0 0.35293 1.50191
0 0.352736 1.5034
0 0.352543 1.50343
0 0.35235 1.50362
0 0.352156 1.50377
0 0.351963 1.50388
0 0.351769 1.50456
0 0.351576 1.50466
0 0.351383 1.50515
0 0.351189 1.50565
0 0.350996 1.50629
0 0.350803 1.50637
0 0.350609 1.50649
0 0.350416 1.50662
0 0.350222 1.50668
0 0.350029 1.50689
0 0.349836 1.50748
0 0.349642 1.50804
0 0.349449 1.50892
0 0.349255 1.50904
0 0.349062 1.51004
0 0.348869 1.51061
0 0.348675 1.51069
0 0.348482 1.51083
0 0.348289 1.51097
0 0.348095 1.51116
0 0.347902 1.51309
0 0.347708 1.51401
0 0.347515 1.51408
0 0.347322 1.51409
0 0.347128 1.51506
0 0.346935 1.51602
0 0.346741 1.51613
0 0.346548 1.51707
0 0.346355 1.51725
0 0.345968 1.51902
0 0.345775 1.51914
0 0.345581 1.5194
0 0.345388 1.51955
0 0.345194 1.52001
0 0.345001 1.52009
0 0.344808 1.52022
0 0.344614 1.52098
0 0.344421 1.52129
0 0.344227 1.52134
0 0.344034 1.52152
0 0.343841 1.52193
0 0.343647 1.52257
0 0.343454 1.52272
0 0.34326 1.52292
0 0.343067 1.52297
0 0.342874 1.52325
0 0.34268 1.52329
0 0.342487 1.52365
0 0.342294 1.52387
0 0.3421 1.52391
0 0.341907 1.52481
0 0.341713 1.52557
0 0.34152 1.52569
0 0.341327 1.52595
0 0.341133 1.52662
0 0.34094 1.5274
0 0.340746 1.52741
0 0.340553 1.528
0 0.34036 1.52818
0 0.340166 1.52847
0 0.339973 1.5287
0 0.33978 1.52911
0 0.339586 1.52913
0 0.339393 1.53143
0 0.339199 1.53201
0 0.339006 1.533
0 0.338813 1.53395
0 0.338619 1.53421
0 0.338426 1.53432
0 0.338232 1.5354
0 0.338039 1.53596
0 0.337846 1.53707
0 0.337652 1.5371
0 0.337459 1.5386
0 0.337266 1.53898
0 0.337072 1.53901
0 0.336879 1.53933
0 0.336685 1.53935
0 0.336492 1.54019
0 0.336299 1.5402
0 0.336105 1.54034
0 0.335912 1.54059
0 0.335718 1.54082
0 0.335525 1.54114
0 0.335332 1.54131
0 0.335138 1.54209
0 0.334945 1.54249
0 0.334751 1.54262
0 0.334558 1.54272
0 0.334365 1.54327
0 0.334171 1.54352
0 0.333978 1.54374
0 0.333785 1.54526
0 0.333591 1.54533
0 0.333398 1.54639
0 0.333204 1.54655
0 0.333011 1.54687
0 0.332818 1.54713
0 0.332624 1.54718
0 0.332431 1.5474
0 0.332237 1.54747
0 0.332044 1.54763
0 0.331851 1.54789
0 0.331657 1.54838
0 0.331464 1.54853
0 0.331271 1.54944
0 0.331077 1.55164
0 0.330884 1.55178
0 0.33069 1.55485
0 0.330497 1.55505
0 0.330304 1.55521
0 0.33011 1.55601
0 0.329917 1.55636
0 0.329723 1.5564
0 0.32953 1.55667
0 0.329337 1.55691
0 0.329143 1.557
0 0.32895 1.55783
0 0.328757 1.55911
0 0.328563 1.55964
0 0.32837 1.56025
0 0.328176 1.56026
0 0.327983 1.5617
0 0.32779 1.5626
0 0.327596 1.5641
0 0.327403 1.56446
0 0.327209 1.56447
0 0.327016 1.56508
0 0.326823 1.56559
0 0.326629 1.5658
0 0.326436 1.56599
0 0.326243 1.56601
0 0.326049 1.56698
0 0.325856 1.56869
0 0.325662 1.56906
0 0.325469 1.56963
0 0.325276 1.57083
0 0.325082 1.57109
0 0.324889 1.5713
0 0.324695 1.57155
0 0.324502 1.5716
0 0.324309 1.57209
0 0.324115 1.57372
0 0.323922 1.574
0 0.323728 1.57421
0 0.323535 1.57492
0 0.323342 1.57493
0 0.323148 1.57527
0 0.322955 1.57572
0 0.322762 1.57617
0 0.322568 1.57664
0 0.322375 1.57713
0 0.322181 1.57783
0 0.321988 1.57794
0 0.321795 1.57817
0 0.321601 1.57875
0 0.321408 1.57885
0 0.321214 1.57913
0 0.321021 1.57919
0 0.320828 1.57922
0 0.320634 1.57964
0 0.320441 1.57979
0 0.320248 1.58006
0 0.320054 1.58163
0 0.319861 1.58232
0 0.319667 1.5832
0 0.319474 1.58402
0 0.319281 1.58512
0 0.319087 1.58565
0 0.318894 1.58568
0 0.3187 1.58592
0 0.318507 1.58773
0 0.318314 1.58781
0 0.31812 1.58889
0 0.317927 1.589
0 0.317734 1.58901
0 0.31754 1.5892
0 0.317347 1.58929
0 0.317153 1.58953
0 0.31696 1.58985
0 0.316767 1.58987
0 0.316573 1.58991
0 0.31638 1.58993
0 0.316186 1.5909
0 0.315993 1.59098
0 0.3158 1.592
0 0.315606 1.59401
0 0.315413 1.59425
0 0.315219 1.59506
0 0.315026 1.5951
0 0.314833 1.59624
0 0.314639 1.59684
0 0.314446 1.5972
0 0.314253 1.59729
0 0.314059 1.59746
0 0.313866 1.59755
0 0.313672 1.59774
0 0.313479 1.59807
0 0.313286 1.59868
0 0.313092 1.59909
0 0.312899 1.59956
0 0.312705 1.60013
0 0.312512 1.60157
0 0.312319 1.60169
0 0.312125 1.60187
0 0.311932 1.60219
0 0.311739 1.60233
0 0.311545 1.60269
0 0.311352 1.60296
0 0.311158 1.60327
0 0.310965 1.60361
0 0.310772 1.60476
0 0.310578 1.6048
0 0.310385 1.60494
0 0.310191 1.60517
0 0.309998 1.60541
0 0.309805 1.60761
0 0.309611 1.60765
0 0.309418 1.60894
0 0.309225 1.60928
0 0.309031 1.60931
0 0.308838 1.60939
0 0.308644 1.61108
0 0.308451 1.61193
0 0.308258 1.61197
0 0.308064 1.61232
0 0.307871 1.61257
0 0.307677 1.61283
0 0.307484 1.61308
0 0.307291 1.61329
0 0.307097 1.61352
0 0.306904 1.61357
0 0.306711 1.61371
0 0.306517 1.6144
0 0.306324 1.61454
0 0.30613 1.61528
0 0.305937 1.6153
0 0.305744 1.61585
0 0.30555 1.61605
0 0.305357 1.61649
0 0.305163 1.61662
0 0.30497 1.6174
0 0.304777 1.61775
0 0.304583 1.61779
0 0.30439 1.61871
0 0.304196 1.61888
0 0.304003 1.61892
0 0.30381 1.61985
0 0.303616 1.62
0 0.303423 1.62004
0 0.30323 1.62165
0 0.303036 1.62187
0 0.302843 1.62301
0 0.302649 1.6232
0 0.302456 1.62335
0 0.302263 1.62373
0 0.302069 1.6266
0 0.301876 1.62703
0 0.301682 1.62723
0 0.301489 1.62742
0 0.301296 1.62778
0 0.301102 1.62805
0 0.300909 1.62818
0 0.300716 1.62845
0 0.300522 1.62932
0 0.300329 1.6294
0 0.300135 1.62983
0 0.299942 1.63002
0 0.299749 1.63188
0 0.299555 1.63252
0 0.299362 1.63255
0 0.299168 1.63269
0 0.298975 1.63273
0 0.298782 1.63286
0 0.298588 1.63319
0 0.298395 1.63325
0 0.298202 1.6336
0 0.298008 1.63392
0 0.297815 1.63405
0 0.297621 1.63436
0 0.297428 1.63508
0 0.297235 1.63531
0 0.297041 1.63532
0 0.296848 1.63578
0 0.296654 1.63589
0 0.296461 1.63651
0 0.296268 1.63664
0 0.296074 1.63693
0 0.295881 1.6375
0 0.295687 1.63767
0 0.295494 1.63806
0 0.295301 1.64006
0 0.295107 1.64015
0 0.294914 1.64034
0 0.294721 1.64141
0 0.294527 1.64178
0 0.294334 1.64187
0 0.29414 1.64195
0 0.293947 1.64195
0 0.293754 1.64281
0 0.29356 1.64362
0 0.293367 1.6443
0 0.293173 1.64431
0 0.29298 1.645
0 0.292787 1.64523
0 0.292593 1.64542
0 0.2924 1.64609
0 0.292207 1.64612
0 0.292013 1.64933
0 0.29182 1.64938
0 0.291626 1.65053
0 0.291433 1.65137
0 0.29124 1.65171
0 0.291046 1.65403
0 0.290853 1.65621
0 0.290659 1.65622
0 0.290466 1.65623
0 0.290273 1.65628
0 0.290079 1.65723
0 0.289886 1.65785
0 0.289693 1.65856
0 0.289499 1.65904
0 0.289306 1.65906
0 0.289112 1.65907
0 0.288919 1.65935
0 0.288726 1.65943
0 0.288532 1.65973
0 0.288339 1.6608
0 0.288145 1.66115
0 0.287952 1.66246
0 0.287759 1.66314
0 0.287565 1.66394
0 0.287372 1.66441
0 0.287178 1.6646
0 0.286985 1.66557
0 0.286792 1.66601
0 0.286598 1.66627
0 0.286405 1.66796
0 0.286212 1.66871
0 0.286018 1.66887
0 0.285825 1.66903
0 0.285631 1.67073
0 0.285438 1.67141
0 0.285245 1.67166
0 0.285051 1.67175
0 0.284858 1.672
0 0.284664 1.67216
0 0.284471 1.67258
0 0.284278 1.67272
0 0.284084 1.67305
0 0.283891 1.67367
0 0.283698 1.67373
0 0.283504 1.67428
0 0.283311 1.67429
0 0.283117 1.67523
0 0.282924 1.67528
0 0.282731 1.67583
0 0.282537 1.67586
0 0.282344 1.67591
0 0.28215 1.67592
0 0.281957 1.67643
0 0.281764 1.67683
0 0.28157 1.67722
0 0.281377 1.67985
0 0.281184 1.68053
0 0.28099 1.68108
0 0.280797 1.6818
0 0.280603 1.68287
0 0.28041 1.68297
0 0.280217 1.68394
0 0.280023 1.68422
0 0.27983 1.68487
0 0.279636 1.68524
0 0.279443 1.68557
0 0.27925 1.68576
0 0.279056 1.68641
0 0.278863 1.68714
0 0.27867 1.68715
0 0.278476 1.68757
0 0.278283 1.68776
0 0.278089 1.68805
0 0.277896 1.68826
0 0.277703 1.68855
0 0.277509 1.68857
0 0.277316 1.68928
0 0.277122 1.68961
0 0.276929 1.69005
0 0.276736 1.69061
0 0.276542 1.69156
0 0.276349 1.6931
0 0.276155 1.69313
0 0.275962 1.69358
0 0.275769 1.69362
0 0.275575 1.69371
0 0.275382 1.69517
0 0.275189 1.69582
0 0.274995 1.696
0 0.274802 1.69622
0 0.274608 1.69634
0 0.274415 1.69678
0 0.274222 1.6971
0 0.274028 1.69788
0 0.273835 1.69803
0 0.273641 1.69888
0 0.273448 1.69929
0 0.273255 1.70033
0 0.273061 1.70048
0 0.272868 1.70156
0 0.272675 1.70164
0 0.272481 1.70193
0 0.272288 1.70302
0 0.272094 1.70339
0 0.271901 1.70415
0 0.271708 1.70614
0 0.271514 1.70636
0 0.271321 1.70734
0 0.271127 1.70779
0 0.270934 1.7085
0 0.270741 1.70913
0 0.270547 1.70917
0 0.270354 1.70973
0 0.270161 1.71001
0 0.269967 1.71017
0 0.269774 1.71051
0 0.26958 1.71067
0 0.269387 1.71095
0 0.269194 1.71107
0 0.269 1.71292
0 0.268807 1.71374
0 0.268613 1.71401
0 0.26842 1.71457
0 0.268227 1.71541
0 0.268033 1.71571
0 0.26784 1.71602
0 0.267646 1.71672
0 0.267453 1.71679
0 0.26726 1.71736
0 0.267066 1.71787
0 0.266873 1.71943
0 0.26668 1.71956
0 0.266486 1.72001
0 0.266293 1.72031
0 0.266099 1.72035
0 0.265906 1.72067
0 0.265713 1.72143
0 0.265519 1.72206
0 0.265326 1.72234
0 0.265132 1.72318
0 0.264939 1.72468
0 0.264746 1.72484
0 0.264552 1.72486
0 0.264359 1.72527
0 0.264166 1.72551
0 0.263972 1.72672
0 0.263779 1.7268
0 0.263585 1.72726
0 0.263392 1.72728
0 0.263199 1.7277
0 0.263005 1.72783
0 0.262812 1.72843
0 0.262618 1.72867
0 0.262425 1.7287
0 0.262232 1.7287
0 0.262038 1.72907
0 0.261845 1.73035
0 0.261652 1.73081
0 0.261458 1.73101
0 0.261265 1.73136
0 0.261071 1.7315
0 0.260878 1.73161
0 0.260685 1.73162
0 0.260491 1.73212
0 0.260298 1.7322
0 0.260104 1.73222
0 0.259911 1.73248
0 0.259718 1.73252
0 0.259524 1.73309
0 0.259331 1.73314
0 0.259137 1.73347
0 0.258944 1.73396
0 0.258751 1.73401
0 0.258557 1.73441
0 0.258364 1.73472
0 0.258171 1.73477
0 0.257784 1.73648
0 0.25759 1.73648
0 0.257397 1.73852
0 0.257204 1.73866
0 0.25701 1.73876
0 0.256817 1.73952
0 0.256623 1.73963
0 0.25643 1.73978
0 0.256237 1.7403
0 0.256043 1.74078
0 0.25585 1.74101
0 0.255657 1.7413
0 0.255463 1.74182
0 0.25527 1.74222
0 0.255076 1.74355
0 0.254883 1.74367
0 0.25469 1.74471
0 0.254496 1.74535
0 0.254303 1.7458
0 0.254109 1.74645
0 0.253916 1.74659
0 0.253723 1.74679
0 0.253529 1.74748
0 0.253336 1.74774
0 0.253143 1.74774
0 0.252949 1.74785
0 0.252756 1.74843
0 0.252562 1.74851
0 0.252369 1.74863
0 0.252176 1.749
0 0.251982 1.74919
0 0.251789 1.75
0 0.251595 1.75021
0 0.251402 1.75055
0 0.251209 1.75066
0 0.251015 1.75091
0 0.250822 1.75127
0 0.250629 1.75131
0 0.250435 1.7519
0 0.250242 1.75195
0 0.250048 1.75242
0 0.249855 1.75401
0 0.249662 1.75421
0 0.249468 1.75488
0 0.249275 1.75505
0 0.249081 1.75559
0 0.248888 1.75656
0 0.248695 1.75766
0 0.248501 1.75836
0 0.248308 1.75862
0 0.248114 1.75902
0 0.247921 1.75933
0 0.247728 1.75946
0 0.247534 1.75986
0 0.247341 1.7608
0 0.247148 1.76109
0 0.246954 1.76191
0 0.246761 1.76228
0 0.246567 1.76313
0 0.246374 1.76326
0 0.246181 1.7647
0 0.245987 1.76517
0 0.245794 1.76558
0 0.2456 1.76614
0 0.245407 1.76699
0 0.245214 1.76723
0 0.24502 1.76726
0 0.244827 1.76766
0 0.244634 1.76875
0 0.24444 1.7694
0 0.244247 1.76962
0 0.244053 1.76977
0 0.24386 1.77025
0 0.243667 1.77259
0 0.243473 1.77265
0 0.24328 1.77314
0 0.243086 1.77355
0 0.242893 1.7737
0 0.2427 1.77417
0 0.242506 1.77505
0 0.242313 1.77512
0 0.24212 1.77559
0 0.241926 1.77561
0 0.241733 1.77729
0 0.241539 1.77976
0 0.241346 1.78012
0 0.241153 1.78045
0 0.240959 1.7822
0 0.240766 1.78221
0 0.240572 1.78242
0 0.240379 1.78292
0 0.240186 1.78315
0 0.239992 1.78369
0 0.239799 1.7842
0 0.239605 1.78436
0 0.239412 1.7866
0 0.239219 1.78718
0 0.239025 1.78754
0 0.238832 1.78813
0 0.238639 1.78818
0 0.238445 1.78823
0 0.238252 1.78848
0 0.238058 1.78869
0 0.237865 1.78918
0 0.237672 1.78919
0 0.237478 1.78956
0 0.237285 1.78959
0 0.237091 1.78967
0 0.236898 1.79003
0 0.236705 1.79003
0 0.236511 1.79103
0 0.236318 1.79189
0 0.236125 1.79207
0 0.235931 1.79295
0 0.235738 1.79392
0 0.235544 1.7944
0 0.235351 1.79458
0 0.235158 1.79517
0 0.234964 1.79555
0 0.234771 1.79623
0 0.234577 1.79669
0 0.234384 1.79681
0 0.234191 1.797
0 0.233997 1.79708
0 0.233804 1.79731
0 0.233611 1.79864
0 0.233417 1.7991
0 0.233224 1.79916
0 0.23303 1.79951
0 0.232837 1.79967
0 0.232644 1.80015
0 0.23245 1.80161
0 0.232257 1.80188
0 0.232063 1.803
0 0.23187 1.80317
0 0.231677 1.80336
0 0.231483 1.80348
0 0.23129 1.80386
0 0.231096 1.80388
0 0.230903 1.80393
0 0.23071 1.80407
0 0.230516 1.80438
0 0.230323 1.80452
0 0.23013 1.80457
0 0.229936 1.80482
0 0.229743 1.80502
0 0.229549 1.8057
0 0.229356 1.80596
0 0.229163 1.80676
0 0.228969 1.80677
0 0.228776 1.80745
0 0.228582 1.80777
0 0.228389 1.80778
0 0.228196 1.80794
0 0.228002 1.80814
0 0.227809 1.80897
0 0.227616 1.80953
0 0.227422 1.8099
0 0.227229 1.81014
0 0.227035 1.81074
0 0.226842 1.81082
0 0.226649 1.81088
0 0.226455 1.81096
0 0.226262 1.81125
0 0.226068 1.81132
0 0.225875 1.81197
0 0.225682 1.81212
0 0.225488 1.81235
0 0.225295 1.81262
0 0.225102 1.81277
0 0.224908 1.81345
0 0.224715 1.81361
0 0.224521 1.81419
0 0.224328 1.81539
0 0.224135 1.81583
0 0.223941 1.81596
0 0.223748 1.81714
0 0.223554 1.81783
0 0.223361 1.81804
0 0.223168 1.81937
0 0.222974 1.8197
0 0.222781 1.8199
0 0.222588 1.81998
0 0.222394 1.82043
0 0.222201 1.82048
0 0.222007 1.82094
0 0.221814 1.82141
0 0.221621 1.82253
0 0.221427 1.82285
0 0.221234 1.82292
0 0.22104 1.8239
0 0.220847 1.82604
0 0.220654 1.82627
0 0.22046 1.82636
0 0.220267 1.82665
0 0.220073 1.82675
0 0.21988 1.8269
0 0.219687 1.82726
0 0.219493 1.82752
0 0.2193 1.82771
0 0.219107 1.82785
0 0.218913 1.82795
0 0.21872 1.82884
0 0.218526 1.82925
0 0.218333 1.82929
0 0.21814 1.82943
0 0.217946 1.82983
0 0.217753 1.83063
0 0.217559 1.83108
0 0.217366 1.83189
0 0.217173 1.83205
0 0.216979 1.83287
0 0.216786 1.83299
0 0.216593 1.83316
0 0.216399 1.8337
0 0.216206 1.83421
0 0.216012 1.83486
0 0.215819 1.83513
0 0.215626 1.83548
0 0.215432 1.83559
0 0.215239 1.8358
0 0.215045 1.83623
0 0.214852 1.83639
0 0.214659 1.83642
0 0.214465 1.83691
0 0.214272 1.83814
0 0.214079 1.83924
0 0.213885 1.8401
0 0.213692 1.84038
0 0.213498 1.84091
0 0.213305 1.84181
0 0.213112 1.84193
0 0.212918 1.84206
0 0.212725 1.84324
0 0.212531 1.84359
0 0.212338 1.84397
0 0.212145 1.84447
0 0.211951 1.84448
0 0.211758 1.84543
0 0.211564 1.84753
0 0.211371 1.84777
0 0.211178 1.84788
0 0.210984 1.84821
0 0.210791 1.84836
0 0.210598 1.84846
0 0.210404 1.84846
0 0.210211 1.84855
0 0.210017 1.8493
0 0.209824 1.84943
0 0.209631 1.84945
0 0.209437 1.8496
0 0.209244 1.84965
0 0.20905 1.84968
0 0.208857 1.84973
0 0.208664 1.84989
0 0.20847 1.84991
0 0.208277 1.84999
0 0.208084 1.85094
0 0.20789 1.85159
0 0.207697 1.85207
0 0.207503 1.85212
0 0.20731 1.85236
0 0.207117 1.85256
0 0.206923 1.85262
0 0.20673 1.85311
0 0.206536 1.85348
0 0.206343 1.85374
0 0.20615 1.85471
0 0.205956 1.85547
0 0.205763 1.85553
0 0.20557 1.85697
0 0.205376 1.85724
0 0.205183 1.85753
0 0.204989 1.85799
0 0.204796 1.86078
0 0.204603 1.8621
0 0.204409 1.86213
0 0.204216 1.86375
0 0.204022 1.86376
0 0.203829 1.86507
0 0.203636 1.86601
0 0.203442 1.86688
0 0.203249 1.86692
0 0.203056 1.86762
0 0.202862 1.86779
0 0.202669 1.86783
0 0.202475 1.86786
0 0.202282 1.86896
0 0.202089 1.87064
0 0.201895 1.87075
0 0.201702 1.87124
0 0.201508 1.87157
0 0.201315 1.87163
0 0.201122 1.87164
0 0.200928 1.87261
0 0.200735 1.87304
0 0.200541 1.87336
0 0.200348 1.87342
0 0.200155 1.87367
0 0.199961 1.87392
0 0.199768 1.87398
0 0.199575 1.87487
0 0.199381 1.87662
0 0.199188 1.87666
0 0.198994 1.87755
0 0.198801 1.87769
0 0.198608 1.87825
0 0.198414 1.88012
0 0.198221 1.88029
0 0.198027 1.88136
0 0.197834 1.88138
0 0.197641 1.88245
0 0.197447 1.88266
0 0.197254 1.88322
0 0.197061 1.88327
0 0.196867 1.8835
0 0.196674 1.8843
0 0.19648 1.88455
0 0.196287 1.88495
0 0.196094 1.88569
0 0.1959 1.88593
0 0.195707 1.88612
0 0.195513 1.88638
0 0.19532 1.88688
0 0.195127 1.88732
0 0.194933 1.88776
0 0.19474 1.88832
0 0.194547 1.88958
0 0.194353 1.89051
0 0.19416 1.89095
0 0.193966 1.89132
0 0.193773 1.89186
0 0.19358 1.89321
0 0.193386 1.89483
0 0.193193 1.8951
0 0.192999 1.89522
0 0.192806 1.89654
0 0.192613 1.89685
0 0.192419 1.89708
0 0.192226 1.89729
0 0.192032 1.89747
0 0.191839 1.8977
0 0.191646 1.89945
0 0.191452 1.89989
0 0.191259 1.89993
0 0.191066 1.90003
0 0.190872 1.90069
0 0.190679 1.90081
0 0.190485 1.90118
0 0.190292 1.90129
0 0.190099 1.90205
0 0.189905 1.90214
0 0.189712 1.90234
0 0.189518 1.90317
0 0.189325 1.90456
0 0.189132 1.90509
0 0.188938 1.9058
0 0.188745 1.90624
0 0.188552 1.90771
0 0.188358 1.90782
0 0.188165 1.90804
0 0.187971 1.90807
0 0.187778 1.9085
0 0.187585 1.91004
0 0.187391 1.91005
0 0.187198 1.9101
0 0.187004 1.91139
0 0.186811 1.91229
0 0.186618 1.91232
0 0.186424 1.91265
0 0.186231 1.91316
0 0.186038 1.91319
0 0.185844 1.91325
0 0.185651 1.91345
0 0.185457 1.91463
0 0.185264 1.91489
0 0.185071 1.91531
0 0.184877 1.91556
0 0.184684 1.91566
0 0.18449 1.91605
0 0.184297 1.91632
0 0.184104 1.91664
0 0.18391 1.91687
0 0.183717 1.9173
0 0.183523 1.91859
0 0.18333 1.91875
0 0.183137 1.91883
0 0.182943 1.91931
0 0.18275 1.91958
0 0.182557 1.92064
0 0.182363 1.92114
0 0.18217 1.92118
0 0.181976 1.92206
0 0.181783 1.92219
0 0.18159 1.92232
0 0.181396 1.92353
0 0.181203 1.92419
0 0.181009 1.92463
0 0.180816 1.92464
0 0.180623 1.92465
0 0.180429 1.92526
0 0.180236 1.9256
0 0.180043 1.92569
0 0.179849 1.926
0 0.179656 1.92688
0 0.179462 1.92727
0 0.179269 1.92746
0 0.179076 1.92946
0 0.178882 1.93067
0 0.178689 1.93076
0 0.178495 1.93144
0 0.178302 1.93158
0 0.178109 1.93239
0 0.177915 1.93307
0 0.177722 1.93425
0 0.177529 1.93499
0 0.177335 1.93566
0 0.177142 1.93581
0 0.176948 1.93617
0 0.176755 1.93775
0 0.176562 1.93781
0 0.176368 1.93799
0 0.176175 1.93799
0 0.175981 1.93908
0 0.175788 1.93928
0 0.175595 1.93928
0 0.175401 1.9394
0 0.175208 1.93981
0 0.175015 1.94042
0 0.174821 1.94182
0 0.174628 1.94194
0 0.174434 1.94195
0 0.174241 1.94202
0 0.174048 1.94213
0 0.173854 1.94262
0 0.173661 1.94311
0 0.173467 1.94345
0 0.173274 1.94434
0 0.173081 1.94441
0 0.172887 1.94481
0 0.172694 1.94489
0 0.1725 1.94495
0 0.172307 1.94579
0 0.172114 1.9469
0 0.17192 1.94817
0 0.171727 1.94828
0 0.171534 1.94979
0 0.17134 1.94985
0 0.171147 1.9503
0 0.170953 1.95045
0 0.17076 1.95438
0 0.170567 1.9547
0 0.170373 1.95524
0 0.17018 1.95645
0 0.169986 1.95859
0 0.169793 1.9588
0 0.1696 1.95895
0 0.169406 1.95916
0 0.169213 1.95955
0 0.16902 1.96034
0 0.168826 1.96083
0 0.168633 1.96183
0 0.168439 1.963
0 0.168246 1.96342
0 0.168053 1.96357
0 0.167859 1.96426
0 0.167666 1.96561
0 0.167472 1.96651
0 0.167279 1.96691
0 0.167086 1.96717
0 0.166892 1.96855
0 0.166699 1.9686
0 0.166506 1.96898
0 0.166312 1.96933
0 0.166119 1.96944
0 0.165925 1.97067
0 0.165732 1.9714
0 0.165539 1.97217
0 0.165345 1.97255
0 0.165152 1.97319
0 0.164958 1.97392
0 0.164765 1.9748
0 0.164572 1.97494
0 0.164378 1.97516
0 0.164185 1.97536
0 0.163991 1.97639
0 0.163798 1.97697
0 0.163605 1.97766
0 0.163411 1.97812
0 0.163218 1.97872
0 0.163025 1.97939
0 0.162831 1.97942
0 0.162638 1.97944
0 0.162444 1.97967
0 0.162251 1.97971
0 0.162058 1.98073
0 0.161864 1.98093
0 0.161671 1.98122
0 0.161477 1.98176
0 0.161284 1.98319
0 0.161091 1.98347
0 0.160897 1.98454
0 0.160704 1.9846
0 0.160511 1.98482
0 0.160317 1.98512
0 0.160124 1.98587
0 0.15993 1.98607
0 0.159737 1.98616
0 0.159544 1.98621
0 0.15935 1.98817
0 0.159157 1.98839
0 0.158963 1.99002
0 0.15877 1.99212
0 0.158577 1.99228
0 0.158383 1.99265
0 0.15819 1.99306
0 0.157997 1.99405
0 0.157803 1.99407
0 0.15761 1.99421
0 0.157416 1.99454
0 0.157223 1.99506
0 0.15703 1.99665
0 0.156836 1.99732
0 0.156643 1.99913
0 0.156449 1.99958
0 0.156256 2.00014
0 0.156063 2.00046
0 0.155869 2.00051
0 0.155676 2.00068
0 0.155482 2.0008
0 0.155289 2.00184
0 0.155096 2.00257
0 0.154902 2.00321
0 0.154709 2.00348
0 0.154516 2.00369
0 0.154322 2.00416
0 0.154129 2.00577
0 0.153935 2.00587
0 0.153742 2.00726
0 0.153549 2.00728
0 0.153355 2.00755
0 0.153162 2.00794
0 0.152968 2.00886
0 0.152775 2.00995
0 0.152582 2.01081
0 0.152388 2.01117
0 0.152195 2.01139
0 0.152002 2.01216
0 0.151808 2.01386
0 0.151615 2.01423
0 0.151421 2.01434
0 0.151228 2.01514
0 0.151035 2.01548
0 0.150841 2.01572
0 0.150648 2.01581
0 0.150454 2.01702
0 0.150261 2.01859
0 0.150068 2.01865
0 0.149874 2.01958
0 0.149681 2.01963
0 0.149488 2.01992
0 0.149294 2.02022
0 0.149101 2.02202
0 0.148907 2.0225
0 0.148714 2.02307
0 0.148521 2.02322
0 0.148327 2.02391
0 0.148134 2.02671
0 0.14794 2.02712
0 0.147747 2.02766
0 0.147554 2.02846
0 0.14736 2.02881
0 0.147167 2.02888
0 0.146974 2.02979
0 0.14678 2.03014
0 0.146587 2.03037
0 0.146393 2.03087
0 0.1462 2.03203
0 0.146007 2.03269
0 0.145813 2.03323
0 0.14562 2.03355
0 0.145426 2.03443
0 0.145233 2.03503
0 0.14504 2.03512
0 0.144846 2.03535
0 0.144653 2.03618
0 0.144459 2.03643
0 0.144266 2.0372
0 0.144073 2.03758
0 0.143879 2.03968
0 0.143686 2.03983
0 0.143493 2.04024
0 0.143299 2.04084
0 0.143106 2.04292
0 0.142912 2.04337
0 0.142719 2.04368
0 0.142526 2.04416
0 0.142332 2.04474
0 0.142139 2.04584
0 0.141945 2.04601
0 0.141752 2.04605
0 0.141559 2.04618
0 0.141365 2.04765
0 0.141172 2.04821
0 0.140979 2.04959
0 0.140785 2.05054
0 0.140592 2.05081
0 0.140398 2.05096
0 0.140205 2.05105
0 0.140012 2.05311
0 0.139818 2.05318
0 0.139625 2.05546
0 0.139431 2.0565
0 0.139238 2.05662
0 0.139045 2.05687
0 0.138851 2.0574
0 0.138658 2.05784
0 0.138465 2.05838
0 0.138271 2.05851
0 0.138078 2.05995
0 0.137884 2.0606
0 0.137691 2.06174
0 0.137498 2.06251
0 0.137304 2.06407
0 0.137111 2.06443
0 0.136917 2.06479
0 0.136724 2.06485
0 0.136531 2.06639
0 0.136337 2.06694
0 0.136144 2.06731
0 0.13595 2.06735
0 0.135757 2.06753
0 0.135564 2.06974
0 0.13537 2.07178
0 0.135177 2.07223
0 0.134984 2.07338
0 0.13479 2.07346
0 0.134597 2.0738
0 0.134403 2.07509
0 0.13421 2.07526
0 0.134017 2.07636
0 0.133823 2.07646
0 0.13363 2.07715
0 0.133436 2.0775
0 0.133243 2.07939
0 0.13305 2.08034
0 0.132856 2.08171
0 0.132663 2.08171
0 0.13247 2.08225
0 0.132276 2.08228
0 0.132083 2.08281
0 0.131889 2.0829
0 0.131696 2.08312
0 0.131503 2.08367
0 0.131309 2.08543
0 0.131116 2.08695
0 0.130922 2.08825
0 0.130729 2.08831
0 0.130536 2.09009
0 0.130342 2.09052
0 0.130149 2.09063
0 0.129956 2.09164
0 0.129762 2.09171
0 0.129569 2.09295
0 0.129375 2.09623
0 0.129182 2.09628
0 0.128989 2.09646
0 0.128795 2.09667
0 0.128602 2.09702
0 0.128408 2.09853
0 0.128215 2.09956
0 0.128022 2.10074
0 0.127828 2.10151
0 0.127635 2.10174
0 0.127442 2.10191
0 0.127248 2.10201
0 0.127055 2.10385
0 0.126861 2.10423
0 0.126668 2.10434
0 0.126475 2.10467
0 0.126281 2.10498
0 0.126088 2.10499
0 0.125894 2.10547
0 0.125701 2.10579
0 0.125508 2.10641
0 0.125314 2.10686
0 0.125121 2.10723
0 0.124927 2.10731
0 0.124734 2.10821
0 0.124541 2.10986
0 0.124347 2.10997
0 0.124154 2.11129
0 0.123961 2.11142
0 0.123767 2.11158
0 0.123574 2.11223
0 0.12338 2.11238
0 0.123187 2.11267
0 0.122994 2.11333
0 0.1228 2.11402
0 0.122607 2.11406
0 0.122413 2.11441
0 0.12222 2.1152
0 0.121833 2.11585
0 0.12164 2.1166
0 0.121447 2.11741
0 0.121253 2.11825
0 0.12106 2.11852
0 0.120866 2.11972
0 0.120673 2.12009
0 0.12048 2.1206
0 0.120286 2.12117
0 0.120093 2.12168
0 0.119899 2.12226
0 0.119706 2.12327
0 0.119513 2.12374
0 0.119319 2.12423
0 0.119126 2.12662
0 0.118933 2.12667
0 0.118739 2.12707
0 0.118546 2.12742
0 0.118352 2.12751
0 0.118159 2.12997
0 0.117966 2.13001
0 0.117772 2.13015
0 0.117579 2.13148
0 0.117385 2.13186
0 0.117192 2.13238
0 0.116999 2.13445
0 0.116805 2.13446
0 0.116612 2.13457
0 0.116418 2.13518
0 0.116225 2.13562
0 0.116032 2.13713
0 0.115838 2.13743
0 0.115645 2.13799
0 0.115452 2.13849
0 0.115258 2.13963
0 0.115065 2.1401
0 0.114871 2.1407
0 0.114678 2.14075
0 0.114485 2.14197
0 0.114291 2.14238
0 0.114098 2.14344
0 0.113904 2.14485
0 0.113711 2.14523
0 0.113518 2.14539
0 0.113324 2.14849
0 0.113131 2.14852
0 0.112938 2.14951
0 0.112744 2.1515
0 0.112551 2.15495
0 0.112357 2.15551
0 0.112164 2.15575
0 0.111971 2.15614
0 0.111777 2.15724
0 0.111584 2.15729
0 0.11139 2.15831
0 0.111197 2.1593
0 0.111004 2.15988
0 0.11081 2.1608
0 0.110617 2.16171
0 0.110424 2.16196
0 0.11023 2.16256
0 0.110037 2.16444
0 0.109843 2.16458
0 0.10965 2.16577
0 0.109457 2.16726
0 0.109263 2.1687
0 0.10907 2.16998
0 0.108876 2.17081
0 0.108683 2.17148
0 0.10849 2.17408
0 0.108296 2.17425
0 0.108103 2.17434
0 0.107909 2.17513
0 0.107716 2.17605
0 0.107523 2.17675
0 0.107329 2.17749
0 0.107136 2.17786
0 0.106943 2.17788
0 0.106749 2.17805
0 0.106556 2.17884
0 0.106362 2.17927
0 0.106169 2.17968
0 0.105976 2.18029
0 0.105782 2.181
0 0.105589 2.18172
0 0.105395 2.18175
0 0.105202 2.18213
0 0.105009 2.18225
0 0.104815 2.18268
0 0.104622 2.18314
0 0.104429 2.18316
0 0.104235 2.18332
0 0.104042 2.18499
0 0.103848 2.18531
0 0.103655 2.18587
0 0.103462 2.18738
0 0.103268 2.18741
0 0.103075 2.18761
0 0.102881 2.18792
0 0.102688 2.18868
0 0.102495 2.18978
0 0.102301 2.19058
0 0.102108 2.19218
0 0.101915 2.19267
0 0.101721 2.19299
0 0.101528 2.19334
0 0.101334 2.19389
0 0.101141 2.19455
0 0.100948 2.19464
0 0.100754 2.1959
0 0.100561 2.19601
0 0.100367 2.19655
0 0.100174 2.19731
0 0.0999807 2.19772
0 0.0997873 2.19813
0 0.0995939 2.19848
0 0.0994005 2.19848
0 0.0992071 2.19903
0 0.0990137 2.20113
0 0.0988203 2.20333
0 0.098627 2.20345
0 0.0984336 2.20396
0 0.0982402 2.20484
0 0.0980468 2.20491
0 0.0978534 2.2051
0 0.09766 2.20517
0 0.0974666 2.20521
0 0.0972733 2.20585
0 0.0970799 2.20652
0 0.0968865 2.20701
0 0.0966931 2.20751
0 0.0964997 2.20754
0 0.0963063 2.20831
0 0.0961129 2.20842
0 0.0959196 2.20983
0 0.0957262 2.21027
0 0.0955328 2.21237
0 0.0953394 2.21274
0 0.095146 2.21373
0 0.0949526 2.21439
0 0.0947592 2.21486
0 0.0945658 2.21499
0 0.0943725 2.21549
0 0.0941791 2.21569
0 0.0939857 2.21979
0 0.0937923 2.21993
0 0.0935989 2.22001
0 0.0934055 2.22112
0 0.0932121 2.2214
0 0.0930188 2.22318
0 0.0928254 2.22353
0 0.092632 2.22354
0 0.0924386 2.22355
0 0.0922452 2.22425
0 0.0920518 2.22448
0 0.0918584 2.22456
0 0.0916651 2.22719
0 0.0914717 2.2275
0 0.0912783 2.22758
0 0.0910849 2.22869
0 0.0908915 2.22927
0 0.0906981 2.23011
0 0.0905047 2.23209
0 0.0903114 2.23286
0 0.090118 2.23375
0 0.0899246 2.23396
0 0.0897312 2.23397
0 0.0895378 2.23405
0 0.0893444 2.23457
0 0.089151 2.23576
0 0.0889576 2.23621
0 0.0887643 2.23656
0 0.0885709 2.23728
0 0.0883775 2.23922
0 0.0881841 2.24007
0 0.0879907 2.24013
0 0.0877973 2.241
0 0.0876039 2.24126
0 0.0874106 2.24415
0 0.0872172 2.24478
0 0.0870238 2.24657
0 0.0868304 2.24823
0 0.086637 2.2485
0 0.0864436 2.24857
0 0.0862502 2.24875
0 0.0860569 2.24909
0 0.0858635 2.25114
0 0.0856701 2.25198
0 0.0854767 2.25227
0 0.0852833 2.25316
0 0.0850899 2.25316
0 0.0848965 2.25445
0 0.0847032 2.25598
0 0.0845098 2.25628
0 0.0843164 2.25719
0 0.084123 2.25771
0 0.0839296 2.2582
0 0.0837362 2.25839
0 0.0835428 2.25926
0 0.0833494 2.25966
0 0.0831561 2.26144
0 0.0829627 2.26275
0 0.0827693 2.26559
0 0.0825759 2.26681
0 0.0823825 2.26726
0 0.0821891 2.26882
0 0.0819957 2.26998
0 0.0818024 2.2702
0 0.081609 2.27346
0 0.0814156 2.27379
0 0.0812222 2.27519
0 0.0810288 2.27559
0 0.0808354 2.27575
0 0.080642 2.27613
0 0.0804487 2.27627
0 0.0802553 2.27735
0 0.0800619 2.27764
0 0.0798685 2.27905
0 0.0796751 2.27929
0 0.0794817 2.28022
0 0.0792883 2.28041
0 0.079095 2.28083
0 0.0789016 2.28156
0 0.0787082 2.28502
0 0.0785148 2.28575
0 0.0783214 2.28589
0 0.078128 2.28685
0 0.0779346 2.28783
0 0.0777412 2.28809
0 0.0775479 2.2881
0 0.0773545 2.29038
0 0.0771611 2.2906
0 0.0769677 2.29096
0 0.0767743 2.29143
0 0.0765809 2.29196
0 0.0763875 2.29388
0 0.0761942 2.29394
0 0.0760008 2.29423
0 0.0758074 2.2944
0 0.075614 2.29544
0 0.0754206 2.29544
0 0.0752272 2.29978
0 0.0748405 2.30166
0 0.0746471 2.30193
0 0.0744537 2.30429
0 0.0742603 2.30456
0 0.0740669 2.30644
0 0.0738735 2.30895
0 0.0736801 2.30941
0 0.0734868 2.31012
0 0.0732934 2.31034
0 0.0731 2.31415
0 0.0729066 2.31532
0 0.0727132 2.31618
0 0.0725198 2.31755
0 0.0723264 2.31962
0 0.072133 2.32004
0 0.0719397 2.32088
0 0.0717463 2.32253
0 0.0715529 2.32281
0 0.0713595 2.32373
0 0.0711661 2.32478
0 0.0709727 2.32561
0 0.0707793 2.32891
0 0.070586 2.32924
0 0.0703926 2.32942
0 0.0701992 2.32946
0 0.0700058 2.33034
0 0.0698124 2.33048
0 0.069619 2.33049
0 0.0694256 2.33131
0 0.0692323 2.33176
0 0.0690389 2.33259
0 0.0688455 2.33331
0 0.0686521 2.334
0 0.0684587 2.33412
0 0.0682653 2.33764
0 0.0680719 2.338
0 0.0678786 2.33984
0 0.0676852 2.34035
0 0.0674918 2.3434
0 0.0672984 2.3438
0 0.067105 2.34674
0 0.0669116 2.34792
0 0.0667182 2.34822
0 0.0665249 2.34908
0 0.0663315 2.35029
0 0.0661381 2.35078
0 0.0659447 2.35283
0 0.0657513 2.35337
0 0.0655579 2.35574
0 0.0653645 2.35589
0 0.0651711 2.3587
0 0.0649778 2.35916
0 0.0647844 2.35948
0 0.064591 2.35957
0 0.0643976 2.36317
0 0.0642042 2.3632
0 0.0640108 2.36357
0 0.0638174 2.36479
0 0.0636241 2.36558
0 0.0634307 2.3662
0 0.0632373 2.36803
0 0.0630439 2.36994
0 0.0628505 2.373
0 0.0626571 2.37328
0 0.0624637 2.37889
0 0.0622704 2.37943
0 0.062077 2.38082
0 0.0618836 2.38126
0 0.0616902 2.3848
0 0.0614968 2.3849
0 0.0613034 2.3859
0 0.06111 2.38725
0 0.0609167 2.38996
0 0.0607233 2.3907
0 0.0605299 2.39129
0 0.0603365 2.39138
0 0.0601431 2.3933
0 0.0599497 2.39507
0 0.0597563 2.39588
0 0.0595629 2.39661
0 0.0593696 2.39712
0 0.0591762 2.3991
0 0.0589828 2.4001
0 0.0587894 2.40142
0 0.058596 2.40196
0 0.0584026 2.40215
0 0.0582092 2.40358
0 0.0580159 2.40437
0 0.0578225 2.40834
0 0.0576291 2.41854
0 0.0574357 2.41966
0 0.0572423 2.41967
0 0.0570489 2.42178
0 0.0568555 2.42192
0 0.0566622 2.42199
0 0.0564688 2.42289
0 0.0562754 2.42646
0 0.056082 2.42675
0 0.0558886 2.42725
0 0.0556952 2.42788
0 0.0555018 2.43014
0 0.0553085 2.43093
0 0.0551151 2.43235
0 0.0549217 2.43273
0 0.0547283 2.44052
0 0.0545349 2.44238
0 0.0543415 2.44546
0 0.0541481 2.44713
0 0.0539547 2.44862
0 0.0537614 2.45066
0 0.053568 2.45137
0 0.0533746 2.45159
0 0.0531812 2.45278
0 0.0529878 2.45355
0 0.0527944 2.45421
0 0.052601 2.45637
0 0.0524077 2.45726
0 0.0522143 2.45741
0 0.0520209 2.45771
0 0.0518275 2.46099
0 0.0516341 2.46212
0 0.0514407 2.4622
0 0.0512473 2.46233
0 0.051054 2.46385
0 0.0508606 2.4648
0 0.0506672 2.46741
0 0.0504738 2.46922
0 0.0502804 2.47024
0 0.050087 2.47061
0 0.0498936 2.47104
0 0.0497003 2.47122
0 0.0495069 2.47199
0 0.0493135 2.47575
0 0.0491201 2.47609
0 0.0489267 2.47693
0 0.0487333 2.47784
0 0.0485399 2.47864
0 0.0483465 2.47918
0 0.0481532 2.47985
0 0.0479598 2.4818
0 0.0477664 2.48196
0 0.047573 2.48274
0 0.0473796 2.48275
0 0.0471862 2.48372
0 0.0469928 2.48506
0 0.0467995 2.48602
0 0.0466061 2.48701
0 0.0464127 2.48712
0 0.0462193 2.49069
0 0.0460259 2.49082
0 0.0458325 2.49199
0 0.0456391 2.4925
0 0.0454458 2.49752
0 0.0452524 2.49905
0 0.045059 2.49988
0 0.0448656 2.50249
0 0.0446722 2.50276
0 0.0444788 2.50335
0 0.0442854 2.50343
0 0.0440921 2.50529
0 0.0438987 2.50694
0 0.0437053 2.50721
0 0.0435119 2.50884
0 0.0433185 2.50893
0 0.0431251 2.51073
0 0.0429317 2.5149
0 0.0427383 2.51538
0 0.042545 2.52006
0 0.0423516 2.52164
0 0.0421582 2.52288
0 0.0419648 2.52377
0 0.0417714 2.52574
0 0.041578 2.52591
0 0.0413846 2.52866
0 0.0411913 2.53206
0 0.0409979 2.53628
0 0.0408045 2.53677
0 0.0406111 2.53899
0 0.0404177 2.54058
0 0.0402243 2.54069
0 0.0400309 2.54161
0 0.0398376 2.5452
0 0.0396442 2.54674
0 0.0394508 2.54928
0 0.0392574 2.55419
0 0.039064 2.55474
0 0.0388706 2.55621
0 0.0386772 2.55647
0 0.0384839 2.55701
0 0.0382905 2.56134
0 0.0380971 2.5616
0 0.0379037 2.56218
0 0.0377103 2.56413
0 0.0375169 2.56427
0 0.0373235 2.56524
0 0.0371301 2.57022
0 0.0369368 2.57156
0 0.0367434 2.57493
0 0.03655 2.57493
0 0.0363566 2.57908
0 0.0361632 2.58272
0 0.0359698 2.58916
0 0.0357764 2.58963
0 0.0355831 2.59249
0 0.0353897 2.59359
0 0.0351963 2.59533
0 0.0350029 2.59578
0 0.0348095 2.59815
0 0.0346161 2.60122
0 0.0344227 2.60443
0 0.0342294 2.60458
0 0.034036 2.60633
0 0.0338426 2.60766
0 0.0336492 2.60906
0 0.0334558 2.61051
0 0.0332624 2.61252
0 0.033069 2.61292
0 0.0328757 2.6144
0 0.0326823 2.61582
0 0.0324889 2.62221
0 0.0322955 2.6226
0 0.0321021 2.62319
0 0.0319087 2.62387
0 0.0317153 2.62527
0 0.0315219 2.63168
0 0.0313286 2.63274
0 0.0311352 2.63505
0 0.0309418 2.63508
0 0.0307484 2.63523
0 0.030555 2.63608
0 0.0303616 2.64076
0 0.0301682 2.64099
0 0.0299749 2.64166
0 0.0297815 2.64246
0 0.0295881 2.64872
0 0.0293947 2.65038
0 0.0292013 2.65496
0 0.0290079 2.66045
0 0.0288145 2.66064
0 0.0286212 2.66352
0 0.0284278 2.66688
0 0.0282344 2.66795
0 0.028041 2.66969
0 0.0278476 2.67083
0 0.0276542 2.67183
0 0.0274608 2.67294
0 0.0272675 2.67482
0 0.0270741 2.67657
0 0.0268807 2.6772
0 0.0266873 2.67816
0 0.0264939 2.68674
0 0.0263005 2.68746
0 0.0261071 2.68886
0 0.0259137 2.68968
0 0.0257204 2.68991
0 0.025527 2.69709
0 0.0253336 2.70903
0 0.0251402 2.71059
0 0.0249468 2.71264
0 0.0247534 2.71738
0 0.02456 2.71969
0 0.0243667 2.72016
0 0.0241733 2.7209
0 0.0239799 2.72093
0 0.0237865 2.72781
0 0.0235931 2.72878
0 0.0233997 2.73325
0 0.0232063 2.73511
0 0.023013 2.73956
0 0.0228196 2.74872
0 0.0226262 2.75198
0 0.0224328 2.75511
0 0.0222394 2.75532
0 0.022046 2.75982
0 0.0218526 2.76458
0 0.0216593 2.76665
0 0.0214659 2.76978
0 0.0212725 2.77231
0 0.0210791 2.77837
0 0.0208857 2.7865
0 0.0206923 2.78876
0 0.0204989 2.79929
0 0.0203056 2.80157
0 0.0201122 2.80289
0 0.0199188 2.80536
0 0.0197254 2.80759
0 0.019532 2.80821
0 0.0193386 2.81412
0 0.0191452 2.82021
0 0.0189518 2.82205
0 0.0187585 2.82251
0 0.0185651 2.82597
0 0.0183717 2.82969
0 0.0181783 2.83039
0 0.0179849 2.83224
0 0.0177915 2.83224
0 0.0175981 2.83489
0 0.0174048 2.83497
0 0.0172114 2.83662
0 0.017018 2.84025
0 0.0168246 2.84138
0 0.0166312 2.84163
0 0.0164378 2.84411
0 0.0162444 2.845
0 0.0160511 2.84934
0 0.0158577 2.86137
0 0.0156643 2.86733
0 0.0154709 2.87232
0 0.0152775 2.87727
0 0.0150841 2.88505
0 0.0148907 2.88681
0 0.0146974 2.88695
0 0.014504 2.88874
0 0.0143106 2.88906
0 0.0141172 2.89278
0 0.0139238 2.89584
0 0.0137304 2.90094
0 0.013537 2.90175
0 0.0133436 2.90725
0 0.0131503 2.91535
0 0.0129569 2.91802
0 0.0127635 2.92107
0 0.0125701 2.92644
0 0.0123767 2.93327
0 0.0121833 2.93452
0 0.0119899 2.94376
0 0.0117966 2.94642
0 0.0116032 2.94837
0 0.0114098 2.94881
0 0.0112164 2.95198
0 0.011023 2.95213
0 0.0108296 2.95928
0 0.0106362 2.96077
0 0.0104429 2.96171
0 0.0102495 2.96491
0 0.0100561 2.96813
0 0.0098627 2.97457
0 0.00966931 2.97839
0 0.00947592 2.99225
0 0.00928254 2.99627
0 0.00908915 3.00054
0 0.00889576 3.0133
0 0.00870238 3.01377
0 0.00850899 3.01924
0 0.00831561 3.0307
0 0.00812222 3.03565
0 0.00792883 3.03631
0 0.00773545 3.04335
0 0.00754206 3.04505
0 0.00734868 3.05036
0 0.00715529 3.06926
0 0.0069619 3.07384
0 0.00676852 3.07797
0 0.00657513 3.08778
0 0.00638174 3.08841
0 0.00618836 3.09074
0 0.00599497 3.09467
0 0.00580159 3.11485
0 0.0056082 3.13612
0 0.00541481 3.14938
0 0.00522143 3.1606
0 0.00502804 3.16104
0 0.00483465 3.17813
0 0.00464127 3.19211
0 0.00444788 3.19345
0 0.0042545 3.20585
0 0.00406111 3.23001
0 0.00386772 3.23958
0 0.00367434 3.26799
0 0.00348095 3.28943
0 0.00328757 3.37664
0 0.00309418 3.40111
0 0.00290079 3.41732
0 0.00270741 3.42054
0 0.00251402 3.43052
0 0.00232063 3.43095
0 0.00212725 3.46777
0 0.00193386 3.47996
0 0.00174048 3.51119
0 0.00154709 3.51674
0 0.0013537 3.53819
0 0.00116032 3.56691
0 0.000966931 3.57317
0 0.000773545 3.5791
0 0.000580159 3.62275
0 0.000386772 3.62587
0 0.000193386 3.68999
0 0 1.79769e+308
