0.0623816 0.667763
0.0600303 0.637594
0.0579899 0.611874
0.0560282 0.588861
0.0540666 0.566815
0.051894 0.541868
0.0498041 0.519822
0.0474064 0.496229
0.0444329 0.471282
0.0419954 0.446335
0.0399036 0.42545
0.0380389 0.403404
0.0358652 0.37981
0.0338959 0.355637
0.0318157 0.336299
0.0294684 0.315993
0.0266206 0.293754
0.0247488 0.275575
0.0225489 0.254883
0.0206139 0.235931
0.0184295 0.213305
0.0170747 0.197641
0.0153002 0.181396
0.0133492 0.163798
0.0124447 0.150841
0.0113892 0.140205
0.0100535 0.124734
0.00890522 0.111777
0.00791514 0.0994005
0.00699942 0.0887643
0.00611375 0.0769677
0.00533347 0.0678786
0.00470466 0.0589828
0.00436826 0.0524077
0.0037135 0.0452524
0.00325376 0.0386772
0.00262215 0.0322955
0.00205921 0.0276542
0.00167114 0.0237865
0.00131789 0.0193386
0.00104623 0.0156643
0.000930111 0.0127635
0.000723457 0.00966931
0.000615422 0.00831561
0.00053912 0.00754206
0.000379981 0.0056082
0.000278888 0.00386772
0.000258236 0.00270741
0.000239174 0.00251402
0.000209999 0.00193386
0.000204371 0.0013537
0.000105638 0.000966931
0.000105638 0.000580159
4.18614e-06 0.000193386
0 0
