0.0104429 0.667763 6
0.00928254 0.637594 7
0.00870238 0.611874 8
0.00850899 0.588861 9
0.00812222 0.566815 10
0.00792883 0.541868 11
0.00773545 0.519822 12
0.00715529 0.496229 13
0.00618836 0.471282 14
0.0056082 0.446335 15
0.00541481 0.42545 16
0.00541481 0.403404 17
0.00502804 0.37981 18
0.00483465 0.355637 19
0.00464127 0.336299 20
0.00406111 0.315993 21
0.00290079 0.293754 22
0.00232063 0.275575 23
0.00212725 0.254883 24
0.00174048 0.235931 25
0.00154709 0.213305 26
0.0013537 0.197641 27
0.00116032 0.181396 28
0.000773545 0.163798 29
0.000773545 0.150841 30
0.000773545 0.140205 31
0.000580159 0.124734 32
0.000580159 0.111777 33
0.000580159 0.0994005 34
0.000386772 0.0887643 35
0.000386772 0.0769677 36
0.000386772 0.0678786 37
0.000193386 0.0589828 38
0.000193386 0.0524077 39
0.000193386 0.0452524 40
0.000193386 0.0386772 41
0.000193386 0.0322955 42
0 0.0276542 43
0 0.0237865 44
0 0.0193386 45
0 0.0156643 46
0 0.0127635 47
0 0.00966931 48
0 0.00831561 49
0 0.00754206 50
0 0.0056082 51
0 0.00386772 52
0 0.00270741 53
0 0.00251402 54
0 0.00193386 55
0 0.0013537 56
0 0.000966931 58
0 0.000580159 59
0 0.000193386 68
0 0 1.79769e+308
