0.223821 0.62367
0.223821 0.623477
0.223798 0.623284
0.223798 0.62309
0.223724 0.622897
0.223615 0.622897
0.223563 0.622704
0.223481 0.62251
0.223462 0.622317
0.223335 0.622317
0.223299 0.622123
0.223271 0.62193
0.223188 0.621737
0.223089 0.621737
0.22303 0.621543
0.222969 0.62135
0.222905 0.621156
0.222795 0.621156
0.222795 0.620963
0.222706 0.62077
0.222621 0.620576
0.222607 0.620383
0.222466 0.620383
0.22233 0.620383
0.222327 0.62019
0.222252 0.619996
0.222153 0.619996
0.222094 0.619803
0.222029 0.619609
0.221965 0.619416
0.221849 0.619416
0.221769 0.619223
0.221769 0.619029
0.221724 0.618836
0.221691 0.618642
0.22164 0.618449
0.221546 0.618256
0.221472 0.618062
0.221387 0.617869
0.221317 0.617675
0.221297 0.617482
0.221297 0.617289
0.221232 0.617095
0.221217 0.616902
0.221202 0.616709
0.221192 0.616515
0.221192 0.616322
0.221072 0.616322
0.221046 0.616128
0.221019 0.615935
0.220938 0.615742
0.220922 0.615548
0.220831 0.615355
0.220831 0.615161
0.220711 0.615161
0.220627 0.614968
0.22056 0.614775
0.220459 0.614775
0.220374 0.614581
0.220371 0.614388
0.22034 0.614195
0.220264 0.614001
0.220167 0.614001
0.220106 0.613808
0.220013 0.613614
0.219889 0.613614
0.219825 0.613421
0.219825 0.613228
0.219802 0.613034
0.219708 0.612841
0.219708 0.612647
0.219613 0.612454
0.2196 0.612261
0.219526 0.612067
0.219438 0.611874
0.21935 0.611681
0.219274 0.611487
0.219235 0.611294
0.219233 0.6111
0.219159 0.610907
0.219038 0.610907
0.218958 0.610714
0.218958 0.61052
0.218958 0.610327
0.218874 0.610133
0.218757 0.610133
0.21871 0.60994
0.218671 0.609747
0.218649 0.609553
0.218621 0.60936
0.21849 0.60936
0.218448 0.609167
0.218448 0.608973
0.218435 0.60878
0.218428 0.608586
0.218317 0.608586
0.218317 0.608393
0.21828 0.6082
0.218219 0.608006
0.218076 0.608006
0.218031 0.607813
0.218008 0.607619
0.217947 0.607426
0.217821 0.607426
0.217821 0.607233
0.217692 0.607233
0.217689 0.607039
0.217596 0.606846
0.217596 0.606652
0.217596 0.606459
0.217537 0.606266
0.21749 0.606072
0.217456 0.605879
0.217391 0.605686
0.217391 0.605492
0.21735 0.605299
0.217299 0.605105
0.217189 0.605105
0.217096 0.604912
0.217028 0.604719
0.216893 0.604719
0.216887 0.604525
0.216858 0.604332
0.216858 0.604138
0.216795 0.603945
0.216732 0.603752
0.216732 0.603558
0.21659 0.603558
0.216531 0.603365
0.216393 0.603365
0.21637 0.603172
0.21637 0.602978
0.216367 0.602785
0.216245 0.602785
0.216245 0.602591
0.216147 0.602591
0.216134 0.602398
0.216054 0.602205
0.216037 0.602011
0.216034 0.601818
0.216008 0.601624
0.215992 0.601431
0.215915 0.601238
0.215804 0.601238
0.215804 0.601044
0.215738 0.600851
0.215701 0.600658
0.215699 0.600464
0.215679 0.600271
0.215656 0.600077
0.215637 0.599884
0.215536 0.599884
0.215486 0.599691
0.215374 0.599691
0.215302 0.599497
0.21519 0.599497
0.215078 0.599497
0.214966 0.599497
0.214892 0.599304
0.214818 0.59911
0.214803 0.598917
0.214767 0.598724
0.214749 0.59853
0.214728 0.598337
0.214671 0.598143
0.214596 0.59795
0.214529 0.597757
0.214522 0.597563
0.214477 0.59737
0.214405 0.597177
0.214382 0.596983
0.214287 0.59679
0.214287 0.596596
0.214275 0.596403
0.214275 0.59621
0.214167 0.59621
0.214098 0.596016
0.21404 0.595823
0.21402 0.595629
0.214018 0.595436
0.213933 0.595243
0.213885 0.595049
0.213793 0.594856
0.213696 0.594663
0.213643 0.594469
0.213596 0.594276
0.213596 0.594082
0.213541 0.593889
0.213541 0.593696
0.213473 0.593502
0.21339 0.593309
0.213282 0.593309
0.21322 0.593115
0.21313 0.592922
0.213033 0.592922
0.212972 0.592729
0.212893 0.592535
0.212854 0.592342
0.212759 0.592149
0.212759 0.591955
0.21275 0.591762
0.212725 0.591568
0.212725 0.591375
0.212618 0.591375
0.212598 0.591182
0.212545 0.590988
0.212506 0.590795
0.21248 0.590601
0.21243 0.590408
0.212348 0.590215
0.212147 0.590215
0.212082 0.590021
0.212039 0.589828
0.211997 0.589635
0.211891 0.589635
0.211829 0.589441
0.211719 0.589441
0.211631 0.589248
0.211599 0.589054
0.211599 0.588861
0.211579 0.588668
0.211495 0.588474
0.211495 0.588281
0.211391 0.588281
0.211317 0.588087
0.211224 0.587894
0.211112 0.587894
0.211014 0.587894
0.210948 0.587701
0.210948 0.587507
0.210948 0.587314
0.210941 0.58712
0.210845 0.586927
0.210806 0.586734
0.210702 0.586734
0.210562 0.586734
0.210499 0.58654
0.210446 0.586347
0.210364 0.586154
0.210303 0.58596
0.210205 0.58596
0.210057 0.58596
0.210057 0.585767
0.209911 0.585767
0.209901 0.585573
0.209901 0.58538
0.20982 0.585187
0.209737 0.584993
0.209696 0.5848
0.209633 0.584606
0.20961 0.584413
0.20961 0.58422
0.209532 0.584026
0.209483 0.583833
0.209379 0.583833
0.209309 0.58364
0.20927 0.583446
0.209222 0.583253
0.209168 0.583059
0.209074 0.582866
0.209027 0.582673
0.209011 0.582479
0.208999 0.582286
0.208924 0.582092
0.208849 0.581899
0.208781 0.581706
0.208773 0.581512
0.208732 0.581319
0.208606 0.581319
0.208518 0.581126
0.20848 0.580932
0.20848 0.580739
0.208367 0.580739
0.208273 0.580545
0.208182 0.580352
0.208095 0.580159
0.208017 0.579965
0.207938 0.579772
0.207883 0.579578
0.207802 0.579385
0.207703 0.579385
0.20763 0.579192
0.2076 0.578998
0.20751 0.578805
0.207382 0.578805
0.207289 0.578611
0.207206 0.578418
0.207161 0.578225
0.207161 0.578031
0.207071 0.577838
0.207041 0.577645
0.207041 0.577451
0.206904 0.577451
0.206878 0.577258
0.206751 0.577258
0.206666 0.577064
0.206598 0.576871
0.20659 0.576678
0.206575 0.576484
0.206571 0.576291
0.206457 0.576291
0.206376 0.576097
0.206329 0.575904
0.206329 0.575711
0.206323 0.575517
0.206323 0.575324
0.206207 0.575324
0.206157 0.575131
0.206048 0.575131
0.205966 0.574937
0.20592 0.574744
0.205878 0.57455
0.205751 0.57455
0.205709 0.574357
0.205631 0.574164
0.205549 0.57397
0.205512 0.573777
0.205473 0.573583
0.205467 0.57339
0.205439 0.573197
0.205373 0.573003
0.205358 0.57281
0.205287 0.572617
0.205239 0.572423
0.205239 0.57223
0.205167 0.572036
0.205074 0.571843
0.205007 0.57165
0.204897 0.57165
0.204868 0.571456
0.204751 0.571456
0.204631 0.571456
0.204625 0.571263
0.204625 0.571069
0.204512 0.571069
0.204495 0.570876
0.204361 0.570876
0.204231 0.570876
0.204101 0.570876
0.204018 0.570683
0.204057 0.570489
0.20399 0.570296
0.203932 0.570102
0.203822 0.570102
0.203822 0.569909
0.203766 0.569716
0.203752 0.569522
0.203738 0.569329
0.203649 0.569136
0.203594 0.568942
0.203518 0.568749
0.203407 0.568749
0.203326 0.568555
0.203214 0.568555
0.203201 0.568362
0.20316 0.568169
0.203109 0.567975
0.203004 0.567975
0.203004 0.567782
0.202925 0.567588
0.202912 0.567395
0.202874 0.567202
0.202821 0.567008
0.202774 0.566815
0.202645 0.566815
0.202629 0.566622
0.202567 0.566428
0.202433 0.566428
0.202347 0.566235
0.202263 0.566041
0.202263 0.565848
0.202172 0.565655
0.202113 0.565461
0.20211 0.565268
0.20211 0.565074
0.202074 0.564881
0.202067 0.564688
0.202031 0.564494
0.201988 0.564301
0.201943 0.564108
0.201896 0.563914
0.201829 0.563721
0.201715 0.563721
0.201634 0.563527
0.201602 0.563334
0.201527 0.563141
0.201476 0.562947
0.201476 0.562754
0.201388 0.56256
0.201337 0.562367
0.201222 0.562367
0.201163 0.562174
0.201163 0.56198
0.201058 0.56198
0.200984 0.561787
0.200888 0.561594
0.200798 0.5614
0.200686 0.5614
0.200623 0.561207
0.200586 0.561013
0.200498 0.56082
0.200444 0.560627
0.200421 0.560433
0.200421 0.56024
0.20038 0.560046
0.20038 0.559853
0.200284 0.55966
0.200195 0.559466
0.20013 0.559273
0.200013 0.559273
0.199978 0.559079
0.199978 0.558886
0.199919 0.558693
0.199828 0.558499
0.199769 0.558306
0.19971 0.558113
0.19971 0.557919
0.199621 0.557726
0.199517 0.557726
0.199483 0.557532
0.199384 0.557532
0.199384 0.557339
0.199384 0.557146
0.19929 0.556952
0.199191 0.556952
0.199134 0.556759
0.199071 0.556565
0.199029 0.556372
0.199018 0.556179
0.198941 0.555985
0.198875 0.555792
0.198855 0.555599
0.198855 0.555405
0.198826 0.555212
0.198823 0.555018
0.198823 0.554825
0.198734 0.554632
0.19871 0.554438
0.198663 0.554245
0.198663 0.554051
0.198614 0.553858
0.198602 0.553665
0.198557 0.553471
0.198532 0.553278
0.198459 0.553085
0.198459 0.552891
0.198459 0.552698
0.198358 0.552698
0.198286 0.552504
0.198174 0.552504
0.19813 0.552311
0.198087 0.552118
0.198038 0.551924
0.198038 0.551731
0.197999 0.551537
0.197854 0.551537
0.197749 0.551537
0.197688 0.551344
0.197688 0.551151
0.197623 0.550957
0.197498 0.550957
0.197426 0.550764
0.19716 0.550764
0.197152 0.55057
0.197145 0.550377
0.197087 0.550184
0.197071 0.54999
0.197002 0.549797
0.196883 0.549797
0.196847 0.549604
0.196785 0.54941
0.196785 0.549217
0.19672 0.549023
0.19672 0.54883
0.196698 0.548637
0.196612 0.548443
0.196612 0.54825
0.196526 0.548056
0.196459 0.547863
0.196452 0.54767
0.196414 0.547476
0.19634 0.547283
0.196299 0.54709
0.196299 0.546896
0.196237 0.546703
0.196143 0.546509
0.196143 0.546316
0.196105 0.546123
0.196081 0.545929
0.19598 0.545929
0.195869 0.545929
0.195864 0.545736
0.195795 0.545542
0.195794 0.545349
0.195746 0.545156
0.195707 0.544962
0.195592 0.544962
0.195506 0.544769
0.195499 0.544576
0.19545 0.544382
0.195338 0.544382
0.195326 0.544189
0.195186 0.544189
0.195151 0.543995
0.195012 0.543995
0.194983 0.543802
0.194914 0.543609
0.19485 0.543415
0.194754 0.543222
0.194639 0.543222
0.194539 0.543222
0.194538 0.543028
0.19449 0.542835
0.194439 0.542642
0.194439 0.542448
0.194439 0.542255
0.194439 0.542061
0.194394 0.541868
0.194368 0.541675
0.194281 0.541481
0.194175 0.541481
0.194061 0.541481
0.193991 0.541288
0.193938 0.541095
0.193894 0.540901
0.193794 0.540901
0.193686 0.540901
0.193669 0.540708
0.193596 0.540514
0.193507 0.540321
0.19344 0.540128
0.19338 0.539934
0.193288 0.539741
0.193206 0.539547
0.193148 0.539354
0.193148 0.539161
0.193148 0.538967
0.193148 0.538774
0.1931 0.538581
0.193078 0.538387
0.192986 0.538194
0.192914 0.538
0.192806 0.538
0.192655 0.537614
0.192655 0.53742
0.192594 0.537227
0.192482 0.537227
0.192427 0.537033
0.192382 0.53684
0.192319 0.536647
0.192284 0.536453
0.192223 0.53626
0.192184 0.536067
0.192162 0.535873
0.192107 0.53568
0.192047 0.535486
0.191981 0.535293
0.191981 0.5351
0.191906 0.534906
0.191906 0.534713
0.191814 0.534519
0.191749 0.534326
0.191715 0.534133
0.191606 0.534133
0.191515 0.533939
0.191515 0.533746
0.191379 0.533746
0.191284 0.533553
0.191197 0.533359
0.191096 0.533359
0.190987 0.533359
0.190885 0.533359
0.190854 0.533166
0.19075 0.533166
0.190708 0.532972
0.190665 0.532779
0.190564 0.532779
0.190506 0.532586
0.19047 0.532392
0.190375 0.532199
0.190317 0.532005
0.190216 0.532005
0.190161 0.531812
0.190035 0.531812
0.189984 0.531619
0.189946 0.531425
0.189865 0.531232
0.18979 0.531038
0.189776 0.530845
0.189693 0.530652
0.18959 0.530652
0.18949 0.530652
0.189423 0.530458
0.189352 0.530265
0.189273 0.530072
0.189273 0.529878
0.189272 0.529685
0.189203 0.529491
0.189157 0.529298
0.189078 0.529105
0.189011 0.528911
0.188973 0.528718
0.188935 0.528524
0.188935 0.528331
0.188934 0.528138
0.188829 0.528138
0.188781 0.527944
0.188719 0.527751
0.188642 0.527558
0.188632 0.527364
0.188595 0.527171
0.188524 0.526977
0.188507 0.526784
0.188479 0.526591
0.188426 0.526397
0.188361 0.526204
0.18825 0.526204
0.188212 0.52601
0.188077 0.52601
0.188077 0.525817
0.18799 0.525624
0.187914 0.52543
0.187843 0.525237
0.187832 0.525044
0.187774 0.52485
0.18769 0.524657
0.187578 0.524657
0.187463 0.524657
0.187458 0.524463
0.187418 0.52427
0.187355 0.524077
0.18725 0.524077
0.18725 0.523883
0.187236 0.52369
0.18723 0.523496
0.187194 0.523303
0.187182 0.52311
0.18718 0.522916
0.187099 0.522723
0.187039 0.522529
0.187039 0.522336
0.187039 0.522143
0.186929 0.522143
0.186846 0.521949
0.186846 0.521756
0.186819 0.521563
0.186743 0.521369
0.186693 0.521176
0.186598 0.520982
0.186518 0.520789
0.186451 0.520596
0.186446 0.520402
0.186372 0.520209
0.186336 0.520015
0.186259 0.519822
0.186158 0.519822
0.186098 0.519629
0.185953 0.519629
0.185901 0.519435
0.185858 0.519242
0.185834 0.519049
0.185751 0.518855
0.185739 0.518662
0.185641 0.518662
0.185587 0.518468
0.185587 0.518275
0.185523 0.518082
0.18552 0.517888
0.18541 0.517888
0.185387 0.517695
0.185318 0.517501
0.185301 0.517308
0.185233 0.517115
0.185158 0.516921
0.185105 0.516728
0.185018 0.516535
0.184973 0.516341
0.184915 0.516148
0.184884 0.515954
0.184767 0.515954
0.184716 0.515761
0.184696 0.515568
0.184571 0.515568
0.184453 0.515568
0.184413 0.515374
0.184342 0.515181
0.18433 0.514987
0.18432 0.514794
0.184269 0.514601
0.184141 0.514601
0.184046 0.514407
0.183974 0.514214
0.18396 0.51402
0.183841 0.51402
0.183823 0.513827
0.183822 0.513634
0.183806 0.51344
0.183806 0.513247
0.183757 0.513054
0.183651 0.513054
0.183651 0.51286
0.183579 0.512667
0.183524 0.512473
0.183508 0.51228
0.18344 0.512087
0.183379 0.511893
0.183329 0.5117
0.183321 0.511506
0.183229 0.511313
0.183192 0.51112
0.183098 0.510926
0.183045 0.510733
0.182942 0.510733
0.182829 0.510733
0.18277 0.51054
0.182669 0.51054
0.182601 0.510346
0.182598 0.510153
0.182484 0.510153
0.182464 0.509959
0.182417 0.509766
0.182308 0.509766
0.18227 0.509573
0.182192 0.509379
0.182164 0.509186
0.182164 0.508992
0.18208 0.508799
0.18201 0.508606
0.182007 0.508412
0.181946 0.508219
0.181835 0.508219
0.181775 0.508026
0.181775 0.507832
0.181773 0.507639
0.181665 0.507639
0.181618 0.507445
0.181547 0.507252
0.181547 0.507059
0.181432 0.507059
0.181317 0.507059
0.181314 0.506865
0.181297 0.506672
0.181243 0.506478
0.181143 0.506478
0.181132 0.506285
0.181078 0.506092
0.180977 0.506092
0.180974 0.505898
0.180925 0.505705
0.180864 0.505512
0.180772 0.505318
0.180741 0.505125
0.180741 0.504931
0.18071 0.504738
0.180683 0.504545
0.180632 0.504351
0.180605 0.504158
0.180605 0.503964
0.180528 0.503771
0.180483 0.503578
0.180453 0.503384
0.180374 0.503191
0.180366 0.502997
0.180264 0.502997
0.180188 0.502804
0.180188 0.502611
0.180139 0.502417
0.180051 0.502224
0.179995 0.502031
0.179995 0.501837
0.179995 0.501644
0.17989 0.501644
0.179837 0.50145
0.179834 0.501257
0.179744 0.501064
0.179705 0.50087
0.179663 0.500677
0.179627 0.500483
0.179627 0.50029
0.17956 0.500097
0.1795 0.499903
0.17941 0.49971
0.179345 0.499517
0.179289 0.499323
0.179203 0.49913
0.179155 0.498936
0.179061 0.498743
0.178947 0.498743
0.178924 0.49855
0.178883 0.498356
0.178776 0.498356
0.178701 0.498163
0.17859 0.498163
0.17852 0.497969
0.17852 0.497776
0.178416 0.497776
0.178286 0.497776
0.178286 0.497583
0.178187 0.497583
0.178142 0.497389
0.178142 0.497196
0.178076 0.497003
0.178068 0.496809
0.178006 0.496616
0.177946 0.496422
0.177916 0.496229
0.177916 0.496036
0.177902 0.495842
0.177855 0.495649
0.177833 0.495455
0.177826 0.495262
0.177818 0.495069
0.177768 0.494875
0.177768 0.494682
0.177754 0.494488
0.177754 0.494295
0.177691 0.494102
0.177664 0.493908
0.177664 0.493715
0.177563 0.493715
0.177484 0.493522
0.177476 0.493328
0.177338 0.493328
0.177256 0.493135
0.177256 0.492941
0.177256 0.492748
0.177126 0.492748
0.177095 0.492555
0.177003 0.492361
0.176902 0.492361
0.176897 0.492168
0.176897 0.491974
0.17687 0.491781
0.176794 0.491588
0.176724 0.491394
0.17669 0.491201
0.176593 0.491201
0.176584 0.491008
0.176513 0.490814
0.17646 0.490621
0.176454 0.490427
0.176409 0.490234
0.176394 0.490041
0.17633 0.489847
0.176267 0.489654
0.176228 0.48946
0.176228 0.489267
0.176196 0.489074
0.176105 0.48888
0.176027 0.488687
0.175982 0.488494
0.175915 0.4883
0.175864 0.488107
0.175832 0.487913
0.17574 0.48772
0.175691 0.487527
0.175667 0.487333
0.175609 0.48714
0.175455 0.48714
0.175455 0.486946
0.175357 0.486946
0.175328 0.486753
0.175328 0.48656
0.175257 0.486366
0.175211 0.486173
0.175091 0.486173
0.175043 0.48598
0.174963 0.485786
0.174944 0.485593
0.174864 0.485399
0.17485 0.485206
0.174795 0.485013
0.174785 0.484819
0.174694 0.484626
0.174619 0.484432
0.174575 0.484239
0.174504 0.484046
0.174502 0.483852
0.174502 0.483659
0.174449 0.483465
0.174376 0.483272
0.174283 0.483079
0.174283 0.482885
0.174249 0.482692
0.174223 0.482499
0.174135 0.482305
0.174121 0.482112
0.174032 0.481918
0.173975 0.481725
0.17391 0.481532
0.17386 0.481338
0.173853 0.481145
0.173853 0.480951
0.173853 0.480758
0.173782 0.480565
0.173721 0.480371
0.173683 0.480178
0.173652 0.479985
0.173583 0.479791
0.173522 0.479598
0.173494 0.479404
0.173357 0.479404
0.173273 0.479211
0.173204 0.479018
0.17316 0.478824
0.173138 0.478631
0.173138 0.478437
0.173036 0.478437
0.173036 0.478244
0.172946 0.478051
0.172904 0.477857
0.172805 0.477857
0.172805 0.477664
0.172703 0.477664
0.172645 0.477471
0.172607 0.477277
0.172578 0.477084
0.17252 0.47689
0.172446 0.476697
0.172364 0.476504
0.172266 0.476504
0.172224 0.47631
0.172184 0.476117
0.172139 0.475923
0.172034 0.475923
0.171936 0.475923
0.171831 0.475923
0.171772 0.47573
0.171737 0.475537
0.171643 0.475343
0.171575 0.47515
0.171514 0.474956
0.171504 0.474763
0.171412 0.47457
0.171362 0.474376
0.171275 0.474183
0.171236 0.47399
0.171155 0.473796
0.171102 0.473603
0.171035 0.473409
0.171035 0.473216
0.170979 0.473023
0.17093 0.472829
0.170894 0.472636
0.170884 0.472442
0.170875 0.472249
0.170752 0.472249
0.170725 0.472056
0.170644 0.471862
0.170583 0.471669
0.170479 0.471669
0.170457 0.471476
0.170402 0.471282
0.170317 0.471089
0.170198 0.471089
0.170125 0.470895
0.170026 0.470895
0.169946 0.470702
0.169912 0.470509
0.169866 0.470315
0.169866 0.470122
0.169785 0.469928
0.169675 0.469928
0.169666 0.469735
0.169571 0.469542
0.169571 0.469348
0.169571 0.469155
0.169525 0.468962
0.169421 0.468962
0.169368 0.468768
0.169364 0.468575
0.169337 0.468381
0.16927 0.468188
0.16927 0.467995
0.169209 0.467801
0.169154 0.467608
0.16911 0.467414
0.168985 0.467414
0.16891 0.467221
0.168797 0.467221
0.168794 0.467028
0.168794 0.466834
0.168703 0.466641
0.168563 0.466641
0.16852 0.466447
0.168493 0.466254
0.168395 0.466254
0.168298 0.466254
0.168171 0.466254
0.168142 0.466061
0.168092 0.465867
0.168007 0.465674
0.167873 0.465674
0.167781 0.465481
0.167781 0.465287
0.167691 0.465094
0.167633 0.4649
0.167633 0.464707
0.167517 0.464707
0.167422 0.464514
0.167338 0.46432
0.167249 0.464127
0.167135 0.464127
0.167089 0.463933
0.166989 0.463933
0.166976 0.46374
0.166886 0.463547
0.16688 0.463353
0.166841 0.46316
0.166789 0.462967
0.1667 0.462773
0.166633 0.46258
0.166557 0.462386
0.166494 0.462193
0.16647 0.462
0.166391 0.461806
0.16637 0.461613
0.16628 0.461419
0.166174 0.461419
0.166107 0.461226
0.16607 0.461033
0.16603 0.460839
0.16603 0.460646
0.165963 0.460453
0.165913 0.460259
0.165893 0.460066
0.165826 0.459872
0.165826 0.459679
0.165784 0.459486
0.165708 0.459292
0.165637 0.459099
0.1655 0.459099
0.1655 0.458905
0.165421 0.458712
0.165407 0.458519
0.165358 0.458325
0.16527 0.458132
0.165268 0.457939
0.16521 0.457745
0.165161 0.457552
0.165087 0.457358
0.16496 0.457358
0.16496 0.457165
0.164892 0.456972
0.164834 0.456778
0.164782 0.456585
0.164781 0.456391
0.164775 0.456198
0.164769 0.456005
0.164709 0.455811
0.164599 0.455811
0.164539 0.455618
0.164535 0.455424
0.164479 0.455231
0.16443 0.455038
0.164316 0.455038
0.164316 0.454844
0.164279 0.454651
0.164208 0.454458
0.164184 0.454264
0.164108 0.454071
0.164093 0.453877
0.164002 0.453684
0.163945 0.453491
0.163945 0.453297
0.163847 0.453297
0.163808 0.453104
0.163802 0.45291
0.163746 0.452717
0.163707 0.452524
0.163707 0.45233
0.163666 0.452137
0.163557 0.452137
0.163498 0.451944
0.163443 0.45175
0.163331 0.45175
0.163235 0.451557
0.16322 0.451363
0.163112 0.451363
0.163054 0.45117
0.163015 0.450977
0.16292 0.450783
0.16289 0.45059
0.162809 0.450396
0.162743 0.450203
0.162709 0.45001
0.162592 0.45001
0.162577 0.449816
0.162532 0.449623
0.162464 0.44943
0.162387 0.449236
0.16226 0.449236
0.162208 0.449043
0.16213 0.448849
0.162096 0.448656
0.162029 0.448463
0.162029 0.448269
0.161889 0.448269
0.16179 0.448269
0.16179 0.448076
0.161716 0.447882
0.161679 0.447689
0.161679 0.447496
0.161679 0.447302
0.161597 0.447109
0.161501 0.446915
0.16141 0.446722
0.161327 0.446529
0.161273 0.446335
0.161227 0.446142
0.161164 0.445949
0.161061 0.445949
0.160937 0.445949
0.160892 0.445755
0.160817 0.445562
0.16079 0.445175
0.160707 0.444982
0.160627 0.444788
0.16053 0.444595
0.16053 0.444401
0.160475 0.444208
0.160453 0.444015
0.160377 0.443821
0.160331 0.443628
0.160213 0.443628
0.160133 0.443435
0.160036 0.443241
0.160021 0.443048
0.159917 0.443048
0.15986 0.442854
0.159839 0.442661
0.159818 0.442468
0.159754 0.442274
0.159754 0.442081
0.159744 0.441887
0.159696 0.441694
0.15966 0.441501
0.159642 0.441307
0.159642 0.441114
0.159548 0.440921
0.159427 0.440921
0.159317 0.440921
0.159256 0.440727
0.159199 0.440534
0.159152 0.44034
0.159127 0.440147
0.15905 0.439954
0.159021 0.43976
0.158965 0.439567
0.158931 0.439373
0.158829 0.439373
0.158696 0.439373
0.15862 0.43918
0.15862 0.438987
0.158556 0.438793
0.158512 0.4386
0.158412 0.4386
0.158412 0.438406
0.158412 0.438213
0.158406 0.43802
0.158406 0.437826
0.158322 0.437633
0.158297 0.43744
0.158143 0.43744
0.158046 0.43744
0.157949 0.437246
0.157949 0.437053
0.157892 0.436859
0.15776 0.436859
0.157676 0.436666
0.157647 0.436473
0.157533 0.436473
0.157492 0.436279
0.157433 0.436086
0.157367 0.435892
0.157352 0.435699
0.157219 0.435699
0.157107 0.435699
0.157107 0.435506
0.157007 0.435506
0.156896 0.435506
0.156782 0.435506
0.156709 0.435312
0.156623 0.435119
0.156556 0.434926
0.156507 0.434732
0.156445 0.434539
0.1564 0.434345
0.156322 0.434152
0.156272 0.433959
0.156254 0.433765
0.156217 0.433572
0.156155 0.433378
0.156072 0.433185
0.156072 0.432992
0.155975 0.432992
0.155912 0.432798
0.155883 0.432605
0.155798 0.432412
0.155679 0.432412
0.155679 0.432218
0.155575 0.432218
0.155507 0.432025
0.155431 0.431831
0.155355 0.431638
0.155355 0.431445
0.155301 0.431251
0.155299 0.431058
0.155239 0.430864
0.155178 0.430671
0.155132 0.430478
0.155031 0.430478
0.155031 0.430284
0.155014 0.430091
0.154968 0.429898
0.154956 0.429704
0.154947 0.429511
0.154917 0.429317
0.15479 0.429317
0.15479 0.429124
0.154725 0.428931
0.154665 0.428737
0.154665 0.428544
0.154625 0.42835
0.154545 0.428157
0.154451 0.427964
0.154351 0.427964
0.154351 0.42777
0.154268 0.427577
0.154149 0.427577
0.154039 0.427577
0.153945 0.427383
0.153929 0.42719
0.153904 0.426997
0.153903 0.426803
0.153902 0.42661
0.153777 0.42661
0.153686 0.426417
0.15362 0.426223
0.153525 0.42603
0.153486 0.425836
0.153415 0.425643
0.153349 0.42545
0.153263 0.425256
0.153164 0.425256
0.153026 0.425256
0.152962 0.425063
0.152962 0.424869
0.152854 0.424869
0.152757 0.424676
0.152757 0.424483
0.152718 0.424289
0.152718 0.424096
0.15266 0.423903
0.152653 0.423709
0.152567 0.423516
0.152502 0.423322
0.152412 0.423129
0.152324 0.422936
0.152324 0.422742
0.152313 0.422549
0.152217 0.422355
0.152093 0.422355
0.151995 0.422355
0.151942 0.422162
0.151812 0.422162
0.151804 0.421969
0.151728 0.421775
0.151693 0.421582
0.151589 0.421582
0.151579 0.421389
0.151574 0.421195
0.151489 0.421002
0.151451 0.420808
0.151451 0.420615
0.151367 0.420422
0.151332 0.420228
0.15127 0.420035
0.151182 0.419841
0.151119 0.419648
0.15105 0.419455
0.150998 0.419261
0.150943 0.419068
0.150943 0.418874
0.150822 0.418874
0.1507 0.418874
0.150635 0.418681
0.150589 0.418488
0.150564 0.418294
0.15055 0.418101
0.150484 0.417908
0.150455 0.417714
0.150361 0.417521
0.150337 0.417327
0.150275 0.417134
0.150149 0.417134
0.15012 0.416941
0.150078 0.416747
0.150018 0.416554
0.149957 0.41636
0.149911 0.416167
0.149848 0.415974
0.149809 0.41578
0.149799 0.415587
0.14974 0.415394
0.14968 0.4152
0.149558 0.4152
0.149554 0.415007
0.14952 0.414813
0.149431 0.41462
0.149367 0.414427
0.149326 0.414233
0.149253 0.41404
0.149141 0.41404
0.149083 0.413846
0.148996 0.413653
0.148991 0.41346
0.148945 0.413266
0.148943 0.413073
0.1489 0.41288
0.14888 0.412686
0.148821 0.412493
0.148762 0.412299
0.148761 0.412106
0.148707 0.411913
0.148705 0.411719
0.14866 0.411526
0.14854 0.411526
0.14851 0.411332
0.14851 0.411139
0.148384 0.411139
0.148367 0.410946
0.148273 0.410752
0.148164 0.410752
0.148164 0.410559
0.148122 0.410365
0.148045 0.410172
0.148045 0.409979
0.148035 0.409785
0.147978 0.409592
0.147856 0.409592
0.147834 0.409399
0.147775 0.409205
0.147686 0.409012
0.147686 0.408818
0.147662 0.408625
0.147626 0.408432
0.147603 0.408238
0.147594 0.408045
0.147493 0.408045
0.147449 0.407851
0.147407 0.407658
0.147373 0.407465
0.147321 0.407271
0.147262 0.407078
0.147217 0.406885
0.147128 0.406691
0.147128 0.406498
0.147098 0.406304
0.147088 0.406111
0.147013 0.405918
0.147013 0.405724
0.147009 0.405531
0.14695 0.405337
0.146947 0.405144
0.146862 0.404951
0.146804 0.404757
0.146709 0.404564
0.146709 0.404371
0.146608 0.404371
0.146607 0.404177
0.146584 0.403984
0.146525 0.40379
0.146414 0.40379
0.146331 0.403597
0.146281 0.403404
0.146157 0.403404
0.146073 0.40321
0.145999 0.403017
0.145873 0.403017
0.145774 0.403017
0.145774 0.402823
0.145651 0.402823
0.145619 0.40263
0.145563 0.402437
0.145563 0.402243
0.145563 0.40205
0.145499 0.401857
0.145381 0.401857
0.145285 0.401663
0.145171 0.401663
0.145085 0.40147
0.145052 0.401276
0.145031 0.401083
0.144966 0.40089
0.14493 0.400696
0.144789 0.400696
0.144731 0.400503
0.14473 0.400309
0.144648 0.400116
0.144554 0.399923
0.144436 0.399923
0.144436 0.399729
0.144432 0.399536
0.144422 0.399342
0.1444 0.399149
0.144339 0.398956
0.144324 0.398762
0.144231 0.398569
0.14411 0.398569
0.144086 0.398376
0.14401 0.398182
0.143927 0.397989
0.143835 0.397795
0.143738 0.397795
0.143597 0.397795
0.143546 0.397602
0.143546 0.397409
0.143454 0.397215
0.143371 0.397022
0.14328 0.396828
0.14328 0.396635
0.14328 0.396442
0.143201 0.396248
0.143096 0.396248
0.142982 0.396248
0.142949 0.396055
0.142892 0.395862
0.142788 0.395862
0.142734 0.395668
0.142703 0.395475
0.142703 0.395281
0.142687 0.395088
0.14268 0.394895
0.14268 0.394701
0.142624 0.394508
0.142519 0.394508
0.14242 0.394508
0.142394 0.394314
0.142354 0.394121
0.142256 0.394121
0.142188 0.393928
0.142149 0.393734
0.142084 0.393541
0.142015 0.393348
0.141888 0.393348
0.141803 0.393154
0.141727 0.392961
0.141726 0.392767
0.141709 0.392574
0.14164 0.392381
0.141551 0.392187
0.141551 0.391994
0.141506 0.3918
0.141447 0.391607
0.141397 0.391414
0.141277 0.391414
0.141277 0.39122
0.141195 0.391027
0.141172 0.390833
0.14107 0.390833
0.141049 0.39064
0.140951 0.39064
0.140831 0.39064
0.140831 0.390447
0.1408 0.390253
0.140684 0.390253
0.140575 0.390253
0.140531 0.39006
0.140476 0.389867
0.140428 0.389673
0.140315 0.389673
0.140218 0.389673
0.140206 0.38948
0.140168 0.389286
0.140159 0.389093
0.140139 0.3889
0.140078 0.388706
0.140056 0.388513
0.139986 0.388319
0.139986 0.388126
0.139914 0.387933
0.139892 0.387739
0.139813 0.387546
0.139784 0.387353
0.139668 0.387353
0.139602 0.387159
0.139554 0.386966
0.13948 0.386772
0.139438 0.386579
0.139372 0.386386
0.139294 0.386192
0.139285 0.385999
0.139253 0.385805
0.139125 0.385805
0.139013 0.385805
0.138913 0.385805
0.138826 0.385612
0.13872 0.385612
0.13872 0.385419
0.138687 0.385225
0.138655 0.385032
0.138533 0.385032
0.138522 0.384839
0.138432 0.384645
0.13841 0.384452
0.138406 0.384258
0.138276 0.384258
0.138159 0.384258
0.13811 0.384065
0.138081 0.383872
0.138046 0.383678
0.13802 0.383485
0.13802 0.383291
0.13802 0.383098
0.137944 0.382905
0.137907 0.382711
0.137851 0.382518
0.137791 0.382325
0.137705 0.382131
0.137614 0.381938
0.137542 0.381744
0.13741 0.381744
0.137322 0.381551
0.137318 0.381358
0.137314 0.381164
0.137279 0.380971
0.137185 0.380777
0.137185 0.380584
0.137099 0.380391
0.136997 0.380391
0.136907 0.380197
0.136882 0.380004
0.136812 0.37981
0.136668 0.37981
0.136643 0.379617
0.136519 0.379617
0.136519 0.379424
0.136484 0.37923
0.13639 0.379037
0.136335 0.378844
0.136262 0.37865
0.136236 0.378457
0.136184 0.378263
0.136121 0.37807
0.136012 0.37807
0.135908 0.37807
0.13584 0.377877
0.135763 0.377683
0.135689 0.37749
0.135595 0.377296
0.135505 0.377103
0.135476 0.37691
0.135434 0.376716
0.13538 0.376523
0.135339 0.37633
0.135217 0.37633
0.135183 0.376136
0.135108 0.375943
0.135031 0.375749
0.134988 0.375556
0.134892 0.375363
0.134888 0.375169
0.134876 0.374976
0.134763 0.374976
0.134698 0.374782
0.134568 0.374782
0.134526 0.374589
0.134434 0.374396
0.134294 0.374396
0.13419 0.374396
0.134068 0.374396
0.134006 0.374202
0.133897 0.374202
0.133838 0.374009
0.133734 0.374009
0.13368 0.373816
0.13368 0.373622
0.133642 0.373429
0.133524 0.373429
0.133442 0.373235
0.133315 0.373235
0.133226 0.373042
0.133149 0.372849
0.133067 0.372655
0.132999 0.372462
0.132985 0.372268
0.132948 0.372075
0.132875 0.371882
0.132875 0.371688
0.132828 0.371495
0.13278 0.371301
0.132718 0.371108
0.132684 0.370915
0.132607 0.370721
0.132506 0.370721
0.132421 0.370528
0.13232 0.370528
0.13232 0.370335
0.132198 0.370335
0.132075 0.370335
0.131974 0.370335
0.131962 0.370141
0.131923 0.369948
0.131874 0.369754
0.131874 0.369561
0.131791 0.369368
0.131791 0.369174
0.131765 0.368981
0.131659 0.368981
0.131528 0.368981
0.131424 0.368981
0.131336 0.368787
0.131219 0.368787
0.131094 0.368787
0.131094 0.368594
0.131048 0.368401
0.130968 0.368207
0.130906 0.368014
0.130872 0.367821
0.130834 0.367627
0.13079 0.367434
0.1307 0.36724
0.13067 0.367047
0.13057 0.367047
0.130569 0.366854
0.130536 0.36666
0.13044 0.366467
0.13044 0.366273
0.13044 0.36608
0.13044 0.365887
0.130374 0.365693
0.130353 0.3655
0.130334 0.365307
0.130308 0.365113
0.130308 0.36492
0.130303 0.364726
0.130295 0.364533
0.130249 0.36434
0.130146 0.36434
0.130145 0.364146
0.130145 0.363953
0.130012 0.363953
0.129968 0.363759
0.129857 0.363759
0.129807 0.363566
0.129794 0.363373
0.12974 0.363179
0.129635 0.363179
0.129515 0.363179
0.129512 0.362986
0.129388 0.362986
0.129351 0.362792
0.12932 0.362599
0.129242 0.362406
0.129159 0.362212
0.129159 0.362019
0.129084 0.361826
0.129078 0.361632
0.129025 0.361439
0.129014 0.361245
0.128974 0.361052
0.128961 0.360859
0.128961 0.360665
0.128843 0.360665
0.128816 0.360472
0.12872 0.360278
0.128676 0.360085
0.128608 0.359892
0.128563 0.359698
0.128558 0.359505
0.128486 0.359312
0.128466 0.359118
0.128383 0.358925
0.128383 0.358731
0.12833 0.358538
0.128291 0.358345
0.128291 0.358151
0.128188 0.358151
0.128131 0.357958
0.12804 0.357764
0.127959 0.357571
0.127934 0.357378
0.127934 0.357184
0.127899 0.356991
0.127871 0.356798
0.127782 0.356604
0.127782 0.356411
0.127751 0.356217
0.127751 0.356024
0.127731 0.355831
0.12764 0.355637
0.127632 0.355444
0.127588 0.35525
0.12749 0.35525
0.127422 0.355057
0.127413 0.354864
0.127385 0.35467
0.127323 0.354477
0.127263 0.354284
0.127203 0.35409
0.127203 0.353897
0.127175 0.353703
0.127109 0.35351
0.127003 0.35351
0.126991 0.353317
0.126919 0.353123
0.126913 0.35293
0.126813 0.35293
0.126713 0.35293
0.126655 0.352736
0.126588 0.352543
0.126509 0.35235
0.126442 0.352156
0.12637 0.351963
0.126295 0.351769
0.126251 0.351576
0.126202 0.351383
0.126084 0.351383
0.126045 0.351189
0.125948 0.350996
0.125845 0.350996
0.125741 0.350996
0.12563 0.350996
0.125553 0.350803
0.125507 0.350609
0.125441 0.350416
0.125386 0.350222
0.125381 0.350029
0.125281 0.350029
0.125276 0.349836
0.125276 0.349642
0.125276 0.349449
0.125237 0.349255
0.125216 0.349062
0.125216 0.348869
0.125161 0.348675
0.125112 0.348482
0.12502 0.348289
0.12492 0.348289
0.124918 0.348095
0.124914 0.347902
0.124901 0.347708
0.124869 0.347515
0.124869 0.347322
0.12474 0.347322
0.12474 0.347128
0.124731 0.346935
0.124708 0.346741
0.124687 0.346548
0.124566 0.346548
0.124566 0.346355
0.124489 0.346161
0.124486 0.345968
0.124409 0.345775
0.124378 0.345581
0.124343 0.345388
0.124332 0.345194
0.124248 0.345001
0.124245 0.344808
0.124187 0.344614
0.124053 0.344614
0.123969 0.344421
0.123854 0.344421
0.123816 0.344227
0.123816 0.344034
0.123757 0.343841
0.123662 0.343647
0.123594 0.343454
0.123499 0.34326
0.123472 0.343067
0.123472 0.342874
0.123426 0.34268
0.123411 0.342487
0.123383 0.342294
0.123349 0.3421
0.123318 0.341907
0.123267 0.341713
0.123134 0.341713
0.123078 0.34152
0.12302 0.341327
0.122983 0.341133
0.12297 0.34094
0.122913 0.340746
0.122815 0.340746
0.12277 0.340553
0.122748 0.34036
0.122748 0.340166
0.122673 0.339973
0.122673 0.33978
0.12261 0.339586
0.122569 0.339393
0.122505 0.339199
0.122505 0.339006
0.122484 0.338813
0.122362 0.338813
0.122278 0.338619
0.122235 0.338426
0.122167 0.338232
0.122042 0.338232
0.121971 0.338039
0.121894 0.337846
0.121787 0.337846
0.121747 0.337652
0.12163 0.337652
0.121569 0.337459
0.121569 0.337266
0.121473 0.337072
0.121437 0.336879
0.121437 0.336685
0.121422 0.336492
0.121332 0.336299
0.121332 0.336105
0.121311 0.335912
0.121311 0.335718
0.121245 0.335525
0.121164 0.335332
0.12116 0.335138
0.121107 0.334945
0.121021 0.334751
0.121 0.334558
0.120906 0.334365
0.120862 0.334171
0.120767 0.333978
0.120767 0.333785
0.120715 0.333591
0.120633 0.333398
0.12061 0.333204
0.120542 0.333011
0.120494 0.332818
0.120428 0.332624
0.120357 0.332431
0.120258 0.332431
0.120143 0.332431
0.120101 0.332237
0.120101 0.332044
0.120053 0.331851
0.12005 0.331657
0.12005 0.331464
0.119991 0.331271
0.119963 0.331077
0.119842 0.331077
0.11976 0.330884
0.119668 0.33069
0.119625 0.330497
0.119566 0.330304
0.119503 0.33011
0.119471 0.329917
0.119405 0.329723
0.119313 0.32953
0.119268 0.329337
0.119185 0.329143
0.119092 0.32895
0.119043 0.328757
0.118944 0.328757
0.118939 0.328563
0.118856 0.32837
0.118835 0.328176
0.118748 0.327983
0.118697 0.32779
0.118637 0.327596
0.118637 0.327403
0.118589 0.327209
0.118572 0.327016
0.11855 0.326823
0.11855 0.326629
0.11855 0.326436
0.118445 0.326436
0.118393 0.326243
0.118351 0.326049
0.118288 0.325856
0.118168 0.325856
0.118109 0.325662
0.117975 0.325662
0.117893 0.325469
0.117822 0.325276
0.117802 0.325082
0.117753 0.324889
0.117636 0.324889
0.117562 0.324695
0.117529 0.324502
0.117438 0.324309
0.117333 0.324309
0.117296 0.324115
0.117257 0.323922
0.117251 0.323728
0.117174 0.323535
0.117151 0.323342
0.117079 0.323148
0.11699 0.322955
0.116913 0.322762
0.116806 0.322762
0.116699 0.322762
0.116658 0.322568
0.116617 0.322375
0.116552 0.322181
0.116549 0.321988
0.116549 0.321795
0.116444 0.321795
0.116444 0.321601
0.116439 0.321408
0.116433 0.321214
0.116383 0.321021
0.116309 0.320828
0.116213 0.320634
0.116168 0.320441
0.116109 0.320248
0.116005 0.320248
0.115954 0.320054
0.115878 0.319861
0.115826 0.319667
0.115774 0.319474
0.115695 0.319281
0.11561 0.319087
0.115579 0.318894
0.115579 0.3187
0.115487 0.318507
0.115368 0.318507
0.115368 0.318314
0.115337 0.31812
0.115337 0.317927
0.115247 0.317734
0.115222 0.31754
0.115139 0.317347
0.11507 0.317153
0.114952 0.317153
0.114905 0.31696
0.114876 0.316767
0.114857 0.316573
0.114791 0.31638
0.114693 0.31638
0.114693 0.316186
0.114678 0.315993
0.11464 0.3158
0.114554 0.315606
0.114467 0.315413
0.114433 0.315219
0.114344 0.315026
0.114327 0.314833
0.114327 0.314639
0.11425 0.314446
0.114191 0.314253
0.114087 0.314253
0.113995 0.314059
0.113995 0.313866
0.113948 0.313672
0.113948 0.313479
0.113906 0.313286
0.113847 0.313092
0.113754 0.312899
0.113621 0.312899
0.113621 0.312705
0.113553 0.312512
0.113553 0.312319
0.113442 0.312319
0.113347 0.312125
0.11322 0.312125
0.113156 0.311932
0.113139 0.311739
0.113025 0.311739
0.113015 0.311545
0.112914 0.311545
0.112884 0.311352
0.112813 0.311158
0.112786 0.310965
0.112657 0.310965
0.112586 0.310772
0.112464 0.310772
0.112358 0.310772
0.112251 0.310772
0.112188 0.310578
0.112168 0.310385
0.112077 0.310191
0.111953 0.310191
0.111927 0.309998
0.111834 0.309805
0.111834 0.309611
0.111764 0.309418
0.111764 0.309225
0.111749 0.309031
0.111736 0.308838
0.111736 0.308644
0.111702 0.308451
0.111622 0.308258
0.111551 0.308064
0.111428 0.308064
0.111313 0.308064
0.111265 0.307871
0.111224 0.307677
0.111204 0.307484
0.111096 0.307484
0.111039 0.307291
0.111034 0.307097
0.111014 0.306904
0.110924 0.306711
0.110807 0.306711
0.110763 0.306517
0.110714 0.306324
0.110623 0.30613
0.110612 0.305937
0.110547 0.305744
0.110542 0.30555
0.110542 0.305357
0.110508 0.305163
0.110496 0.30497
0.110496 0.304777
0.110451 0.304583
0.11039 0.30439
0.110325 0.304196
0.110254 0.304003
0.110183 0.30381
0.110183 0.303616
0.110148 0.303423
0.110046 0.303423
0.109928 0.303423
0.109928 0.30323
0.109928 0.303036
0.109888 0.302843
0.109871 0.302649
0.109841 0.302456
0.109827 0.302263
0.109775 0.302069
0.109736 0.301876
0.109736 0.301682
0.109704 0.301489
0.109683 0.301296
0.109634 0.301102
0.109541 0.300909
0.109479 0.300716
0.109404 0.300522
0.109352 0.300329
0.109333 0.300135
0.109332 0.299942
0.109256 0.299749
0.109213 0.299555
0.109174 0.299362
0.10909 0.299168
0.109051 0.298975
0.109051 0.298782
0.108948 0.298782
0.108914 0.298588
0.108839 0.298395
0.10876 0.298202
0.108711 0.298008
0.108616 0.297815
0.108585 0.297621
0.108495 0.297428
0.108469 0.297235
0.108417 0.297041
0.108302 0.297041
0.108205 0.297041
0.108184 0.296848
0.108154 0.296654
0.108154 0.296461
0.108154 0.296268
0.108102 0.296074
0.108088 0.295881
0.108087 0.295687
0.108005 0.295494
0.107968 0.295301
0.107879 0.295107
0.107869 0.294914
0.107775 0.294721
0.107771 0.294527
0.107759 0.294334
0.107699 0.29414
0.10765 0.293947
0.107531 0.293947
0.107428 0.293947
0.107428 0.293754
0.107305 0.293754
0.107261 0.29356
0.107208 0.293367
0.107149 0.293173
0.10707 0.29298
0.10696 0.29298
0.106865 0.292787
0.106851 0.292593
0.106851 0.2924
0.106767 0.292207
0.106754 0.292013
0.10675 0.29182
0.106668 0.291626
0.106629 0.291433
0.106561 0.29124
0.106497 0.291046
0.106424 0.290853
0.106419 0.290659
0.106394 0.290466
0.106394 0.290273
0.106347 0.290079
0.106339 0.289886
0.106217 0.289886
0.106168 0.289693
0.106111 0.289499
0.105981 0.289499
0.105938 0.289306
0.105935 0.289112
0.105876 0.288919
0.105811 0.288726
0.105682 0.288726
0.105659 0.288532
0.105591 0.288339
0.105585 0.288145
0.105454 0.288145
0.10536 0.287952
0.105306 0.287759
0.105233 0.287565
0.105197 0.287372
0.105151 0.287178
0.105099 0.286985
0.105046 0.286792
0.105042 0.286598
0.104947 0.286405
0.104923 0.286212
0.104923 0.286018
0.104923 0.285825
0.104832 0.285631
0.104778 0.285438
0.104736 0.285245
0.104677 0.285051
0.104677 0.284858
0.104677 0.284664
0.104588 0.284471
0.104494 0.284278
0.104397 0.284084
0.10438 0.283891
0.104293 0.283698
0.104246 0.283504
0.10412 0.283504
0.104042 0.283311
0.103951 0.283117
0.103951 0.282924
0.103854 0.282924
0.103841 0.282731
0.103767 0.282537
0.103707 0.282344
0.103685 0.28215
0.103631 0.281957
0.103535 0.281764
0.103491 0.28157
0.103454 0.281377
0.103408 0.281184
0.103408 0.28099
0.103349 0.280797
0.103301 0.280603
0.10326 0.28041
0.103253 0.280217
0.103187 0.280023
0.103063 0.280023
0.103062 0.27983
0.102969 0.279636
0.10296 0.279443
0.102859 0.279443
0.102805 0.27925
0.102796 0.279056
0.102796 0.278863
0.102755 0.27867
0.102716 0.278476
0.10262 0.278283
0.102578 0.278089
0.102564 0.277896
0.102553 0.277703
0.102493 0.277509
0.102492 0.277316
0.102405 0.277122
0.102405 0.276929
0.102357 0.276736
0.102283 0.276542
0.102276 0.276349
0.102206 0.276155
0.102128 0.275962
0.10212 0.275769
0.102093 0.275575
0.102044 0.275382
0.101954 0.275189
0.101954 0.274995
0.101875 0.274802
0.101793 0.274608
0.101699 0.274415
0.101604 0.274222
0.101588 0.274028
0.101558 0.273835
0.101442 0.273835
0.101343 0.273835
0.101338 0.273641
0.101313 0.273448
0.101313 0.273255
0.101224 0.273061
0.101199 0.272868
0.1011 0.272868
0.101044 0.272675
0.100998 0.272481
0.100945 0.272288
0.100876 0.272094
0.100786 0.271901
0.100784 0.271708
0.100784 0.271514
0.100748 0.271321
0.10072 0.271127
0.100627 0.270934
0.100565 0.270741
0.100523 0.270547
0.100477 0.270354
0.100477 0.270161
0.100477 0.269967
0.100463 0.269774
0.10041 0.26958
0.100305 0.26958
0.10028 0.269387
0.100163 0.269387
0.100135 0.269194
0.100089 0.269
0.100063 0.268807
0.100063 0.268613
0.0999919 0.26842
0.0999755 0.268227
0.0999747 0.268033
0.0998813 0.26784
0.0998465 0.267646
0.0998465 0.267453
0.0998103 0.26726
0.0997652 0.267066
0.0997652 0.266873
0.0996783 0.26668
0.0995999 0.266486
0.099571 0.266293
0.0995109 0.266099
0.0995109 0.265906
0.0994923 0.265713
0.0994923 0.265519
0.0994138 0.265326
0.0994032 0.265132
0.0993611 0.264939
0.0993548 0.264746
0.0992591 0.264552
0.0992412 0.264359
0.099211 0.264166
0.0991628 0.263972
0.0991505 0.263779
0.0990739 0.263585
0.0989779 0.263392
0.0989344 0.263199
0.0988798 0.263005
0.0988295 0.262812
0.0988295 0.262618
0.0987226 0.262618
0.0986167 0.262618
0.0985272 0.262425
0.0984878 0.262232
0.0984113 0.262038
0.0983619 0.261845
0.0983027 0.261652
0.0982491 0.261458
0.09816 0.261265
0.098088 0.261071
0.098083 0.260878
0.0980826 0.260685
0.0980294 0.260491
0.0979863 0.260298
0.0979529 0.260104
0.0978815 0.259911
0.0978144 0.259718
0.0977587 0.259524
0.09772 0.259331
0.0975988 0.259331
0.0975415 0.259137
0.0975309 0.258944
0.0974559 0.258751
0.0974298 0.258557
0.0973589 0.258364
0.0972503 0.258364
0.0972503 0.258171
0.0971375 0.258171
0.0971016 0.257977
0.0970507 0.257784
0.0970176 0.25759
0.0969655 0.257397
0.0968825 0.257204
0.0967981 0.25701
0.096714 0.256817
0.0966721 0.256623
0.096657 0.25643
0.0965944 0.256237
0.0965856 0.256043
0.0965361 0.25585
0.0964602 0.255657
0.0963903 0.255463
0.0963903 0.25527
0.0962868 0.25527
0.0962232 0.255076
0.0962116 0.254883
0.0961548 0.25469
0.0960594 0.254496
0.0959739 0.254303
0.0959624 0.254109
0.0958883 0.253916
0.0958176 0.253723
0.0958176 0.253529
0.0957239 0.253336
0.0956965 0.253143
0.0956965 0.252949
0.0956076 0.252756
0.0956076 0.252562
0.0954908 0.252562
0.0954476 0.252369
0.0953273 0.252369
0.0952917 0.252176
0.095286 0.251982
0.0951365 0.251982
0.0951312 0.251789
0.0950875 0.251595
0.0950344 0.251402
0.0949563 0.251209
0.0949158 0.251015
0.0948667 0.250822
0.0948667 0.250629
0.0948257 0.250435
0.0947771 0.250242
0.0946746 0.250242
0.0946746 0.250048
0.09461 0.249855
0.0945022 0.249855
0.0945022 0.249662
0.0943995 0.249662
0.0943318 0.249468
0.0942598 0.249275
0.0942282 0.249081
0.0942202 0.248888
0.0942114 0.248695
0.0941281 0.248501
0.0941023 0.248308
0.0939918 0.248308
0.0939222 0.248114
0.0939222 0.247921
0.0938528 0.247728
0.0937755 0.247534
0.0936624 0.247534
0.0936172 0.247341
0.0935452 0.247148
0.0934714 0.246954
0.093369 0.246954
0.0932616 0.246954
0.0931372 0.246954
0.0931372 0.246761
0.093069 0.246567
0.093009 0.246374
0.0928668 0.246374
0.092781 0.246181
0.0927444 0.245987
0.0927003 0.245794
0.0926336 0.2456
0.0925962 0.245407
0.0924792 0.245407
0.0924792 0.245214
0.092451 0.24502
0.0923833 0.244827
0.0922861 0.244827
0.0922554 0.244634
0.0922092 0.24444
0.0921593 0.244247
0.0921073 0.244053
0.0919877 0.244053
0.0919179 0.24386
0.091833 0.243667
0.091818 0.243473
0.0916816 0.243473
0.0916215 0.24328
0.0915315 0.243086
0.0914977 0.242893
0.0913867 0.242893
0.0912932 0.2427
0.0912398 0.242506
0.0911509 0.242313
0.091071 0.24212
0.091071 0.241926
0.0910513 0.241733
0.0909858 0.241539
0.0908809 0.241539
0.0908362 0.241346
0.0908362 0.241153
0.0908259 0.240959
0.0907561 0.240766
0.0907305 0.240572
0.0907152 0.240379
0.0907069 0.240186
0.0907035 0.239992
0.0906705 0.239799
0.0906154 0.239605
0.090553 0.239412
0.0904889 0.239219
0.0903665 0.239219
0.0902892 0.239025
0.0902885 0.238832
0.0902585 0.238639
0.0902232 0.238445
0.0902232 0.238252
0.0900917 0.238252
0.0900292 0.238058
0.0900292 0.237865
0.0900001 0.237672
0.0900001 0.237478
0.0898688 0.237478
0.0898336 0.237285
0.0898003 0.237091
0.0897093 0.236898
0.0896717 0.236705
0.0896717 0.236511
0.0896271 0.236318
0.0895981 0.236125
0.0895467 0.235931
0.0894575 0.235738
0.0894054 0.235544
0.0893255 0.235351
0.0893255 0.235158
0.0892651 0.234964
0.0891614 0.234964
0.0890825 0.234771
0.0890825 0.234577
0.0889535 0.234577
0.0889164 0.234384
0.0888684 0.234191
0.0888086 0.233997
0.0887377 0.233804
0.0886562 0.233611
0.088617 0.233417
0.0884808 0.233417
0.0883935 0.233224
0.0882854 0.233224
0.0882701 0.23303
0.0882169 0.232837
0.0881296 0.232644
0.0880724 0.23245
0.0879963 0.232257
0.0878652 0.232257
0.0877927 0.232063
0.0876856 0.232063
0.0876539 0.23187
0.0876539 0.231677
0.0876211 0.231483
0.0875584 0.23129
0.0874423 0.23129
0.0874139 0.231096
0.0873764 0.230903
0.0873764 0.23071
0.0873451 0.230516
0.0872945 0.230323
0.0872425 0.23013
0.0872302 0.229936
0.0871064 0.229936
0.0870786 0.229743
0.0869592 0.229356
0.0868269 0.229356
0.0867768 0.229163
0.0867119 0.228969
0.0866121 0.228969
0.0865597 0.228776
0.0865099 0.228582
0.0864256 0.228389
0.0863271 0.228389
0.0861992 0.228389
0.0861208 0.228196
0.0861125 0.228002
0.0860762 0.227809
0.0860014 0.227616
0.085959 0.227422
0.0858786 0.227229
0.0858631 0.227035
0.085723 0.227035
0.0856569 0.226842
0.0856551 0.226649
0.085599 0.226455
0.0855927 0.226262
0.0854651 0.226262
0.0854651 0.226068
0.0853481 0.226068
0.0853351 0.225875
0.085304 0.225682
0.085284 0.225488
0.0852313 0.225295
0.0851297 0.225295
0.0850278 0.225295
0.0849009 0.225295
0.0848298 0.225102
0.0847981 0.224908
0.08479 0.224715
0.08479 0.224521
0.0846854 0.224521
0.0845576 0.224521
0.0844611 0.224328
0.084352 0.224328
0.0842539 0.224328
0.0842539 0.224135
0.084229 0.223941
0.0841647 0.223748
0.0841343 0.223361
0.0840258 0.223361
0.0840258 0.223168
0.0839793 0.222974
0.083912 0.222781
0.083781 0.222781
0.0837302 0.222588
0.0836436 0.222394
0.0835831 0.222201
0.0835341 0.222007
0.0834927 0.221814
0.0834248 0.221621
0.0833415 0.221427
0.0832467 0.221234
0.083155 0.22104
0.0831215 0.220847
0.0830088 0.220847
0.0829661 0.220654
0.0828957 0.22046
0.0828957 0.220267
0.0828953 0.220073
0.0828113 0.21988
0.0827485 0.219687
0.0826734 0.219493
0.0826078 0.2193
0.0825597 0.219107
0.0825452 0.218913
0.0825452 0.21872
0.0825452 0.218526
0.0824737 0.218333
0.0824075 0.21814
0.0823575 0.217946
0.0823191 0.217753
0.08229 0.217559
0.0822469 0.217366
0.0822068 0.217173
0.0821182 0.216979
0.0819907 0.216979
0.0819321 0.216786
0.0819321 0.216593
0.0818826 0.216399
0.0818024 0.216206
0.0817234 0.216012
0.0815824 0.216012
0.0815102 0.215819
0.0814117 0.215819
0.081384 0.215626
0.0813342 0.215432
0.0813031 0.215239
0.0811518 0.215239
0.081121 0.215045
0.081121 0.214852
0.0810193 0.214852
0.0809456 0.214659
0.0808312 0.214659
0.0807503 0.214465
0.0806342 0.214465
0.0805259 0.214465
0.0804922 0.214272
0.0804246 0.214079
0.0803568 0.213885
0.0802239 0.213885
0.0801623 0.213692
0.0800632 0.213692
0.0799677 0.213498
0.0799677 0.213305
0.0799454 0.213112
0.0799018 0.212918
0.0798528 0.212725
0.0798223 0.212531
0.0798223 0.212338
0.0796761 0.212338
0.0796194 0.212145
0.0795797 0.211951
0.0794965 0.211758
0.0794794 0.211564
0.0794456 0.211371
0.0794019 0.211178
0.0793295 0.210984
0.0793295 0.210791
0.0792242 0.210791
0.0791666 0.210598
0.0791137 0.210404
0.0790353 0.210211
0.0790002 0.210017
0.0789309 0.209824
0.0788528 0.209631
0.0788208 0.209437
0.0787907 0.209244
0.0787365 0.20905
0.0786714 0.208857
0.0785337 0.208857
0.0784236 0.208857
0.0783527 0.208664
0.0782627 0.20847
0.0782266 0.208277
0.0781293 0.208277
0.0780751 0.208084
0.077963 0.208084
0.0779115 0.20789
0.0778188 0.207697
0.0777097 0.207697
0.0776482 0.207503
0.0776156 0.20731
0.0776092 0.207117
0.0775089 0.207117
0.0774378 0.206923
0.0773509 0.20673
0.0773149 0.206536
0.0772327 0.206343
0.0771641 0.20615
0.0771243 0.205956
0.0770385 0.205763
0.077003 0.20557
0.0769509 0.205376
0.0769039 0.205183
0.0768305 0.204989
0.0768303 0.204796
0.0766983 0.204796
0.0766055 0.204603
0.0765944 0.204409
0.0765063 0.204216
0.0764475 0.204022
0.0763519 0.203829
0.0762719 0.203636
0.0761469 0.203636
0.0761469 0.203442
0.0760791 0.203249
0.0759561 0.203249
0.0759546 0.203056
0.075875 0.202862
0.075875 0.202669
0.0758552 0.202475
0.0758285 0.202282
0.0757363 0.202089
0.0757328 0.201895
0.0755648 0.201508
0.0754521 0.201508
0.0753714 0.201315
0.0753355 0.201122
0.075302 0.200928
0.0752158 0.200735
0.0752158 0.200541
0.0751389 0.200348
0.0750927 0.200155
0.0749875 0.200155
0.0749457 0.199961
0.0749457 0.199768
0.0748178 0.199768
0.0746938 0.199768
0.0746825 0.199575
0.0746099 0.199381
0.0745302 0.199188
0.0744563 0.198994
0.074358 0.198994
0.0743263 0.198801
0.0743173 0.198608
0.0742963 0.198414
0.0742608 0.198221
0.0742608 0.198027
0.0741179 0.198027
0.0740946 0.197834
0.0740384 0.197641
0.0740282 0.197447
0.073926 0.197447
0.0738796 0.197254
0.0738434 0.197061
0.0738068 0.196867
0.0737328 0.196674
0.0737298 0.19648
0.0737198 0.196287
0.0736056 0.196287
0.0735663 0.196094
0.0734819 0.1959
0.0733958 0.195707
0.0733527 0.195513
0.0732805 0.19532
0.0731831 0.19532
0.0730932 0.195127
0.073035 0.194933
0.0729026 0.194933
0.0727995 0.194933
0.0727496 0.19474
0.0726118 0.19474
0.0725618 0.194547
0.0725233 0.194353
0.0724201 0.194353
0.072338 0.19416
0.0722564 0.193966
0.0721518 0.193966
0.0721122 0.193773
0.072024 0.19358
0.0719584 0.193386
0.0719352 0.193193
0.0718371 0.193193
0.0717696 0.192999
0.0716814 0.192806
0.0716236 0.192613
0.0715169 0.192613
0.0714576 0.192419
0.0713472 0.192419
0.0713472 0.192226
0.0713277 0.192032
0.0712706 0.191839
0.0711946 0.191646
0.0710972 0.191646
0.0709846 0.191646
0.0709012 0.191452
0.0708291 0.191259
0.0707881 0.191066
0.0706845 0.191066
0.0706259 0.190872
0.0706259 0.190679
0.0705866 0.190485
0.0705866 0.190292
0.0704742 0.190292
0.0703653 0.190292
0.0702782 0.190099
0.0702089 0.189905
0.0702089 0.189712
0.0701018 0.189712
0.0700542 0.189518
0.0699838 0.189325
0.069925 0.189132
0.0698381 0.188938
0.0697578 0.188745
0.0697481 0.188552
0.0696998 0.188358
0.0696348 0.188165
0.0695068 0.188165
0.0694412 0.187971
0.0693724 0.187778
0.0692915 0.187585
0.0692313 0.187391
0.0691168 0.187391
0.0691168 0.187198
0.0690836 0.187004
0.0690567 0.186811
0.0690531 0.186618
0.0690245 0.186424
0.0689068 0.186424
0.0688736 0.186231
0.0688736 0.186038
0.0687411 0.186038
0.0686819 0.185844
0.0686456 0.185651
0.0686123 0.185457
0.0685516 0.185264
0.0684649 0.185071
0.0683781 0.184877
0.0682853 0.184684
0.0682396 0.18449
0.0681335 0.18449
0.0681085 0.184297
0.0680526 0.184104
0.0679471 0.184104
0.0678845 0.18391
0.0678063 0.183717
0.0678063 0.183523
0.0676958 0.183523
0.0676823 0.18333
0.0676571 0.183137
0.0675685 0.182943
0.0674488 0.182943
0.067341 0.182943
0.0673232 0.18275
0.0673013 0.182557
0.0672213 0.182363
0.0671307 0.18217
0.0671097 0.181976
0.0669864 0.181976
0.0669742 0.181783
0.0669717 0.18159
0.0669424 0.181396
0.0668251 0.181396
0.0667745 0.181203
0.0667745 0.181009
0.0666566 0.181009
0.0666566 0.180816
0.0666115 0.180623
0.0665849 0.180429
0.066489 0.180236
0.0664382 0.180043
0.0663174 0.180043
0.0662916 0.179849
0.0661899 0.179849
0.0661422 0.179656
0.066134 0.179462
0.0660912 0.179269
0.0660234 0.179076
0.0660234 0.178882
0.0659596 0.178689
0.0658232 0.178689
0.0657312 0.178495
0.0656848 0.178302
0.0656848 0.178109
0.0655945 0.177915
0.0655945 0.177722
0.0654974 0.177722
0.0654096 0.177529
0.0653195 0.177335
0.0652126 0.177335
0.0651542 0.177142
0.0650883 0.176948
0.0650324 0.176755
0.0650233 0.176562
0.0650233 0.176368
0.0650233 0.176175
0.0648922 0.176175
0.0648922 0.175981
0.0648033 0.175788
0.0647889 0.175595
0.0647101 0.175401
0.0646256 0.175208
0.0646256 0.175015
0.0645234 0.175015
0.0644008 0.175015
0.0643643 0.174821
0.0642862 0.174628
0.064276 0.174434
0.0642373 0.174241
0.0642283 0.174048
0.0641694 0.173854
0.0641694 0.173661
0.0640655 0.173661
0.0640069 0.173467
0.0639971 0.173274
0.0639971 0.173081
0.0639143 0.172887
0.0638139 0.172887
0.0637139 0.172887
0.0636176 0.172694
0.0635702 0.1725
0.0634998 0.172307
0.0634327 0.172114
0.0633692 0.17192
0.0633689 0.171727
0.0633577 0.171534
0.0632749 0.17134
0.0632749 0.171147
0.0632488 0.170953
0.0631648 0.17076
0.0630788 0.170567
0.0630103 0.170373
0.0629447 0.17018
0.0628392 0.17018
0.0627852 0.169986
0.0627004 0.169793
0.062656 0.1696
0.0625872 0.169406
0.0624534 0.169406
0.0623814 0.169213
0.0622862 0.16902
0.0622362 0.168826
0.0622265 0.168633
0.0621664 0.168439
0.0621369 0.168246
0.0620399 0.168246
0.0619677 0.168053
0.0618765 0.167859
0.0618533 0.167666
0.0617728 0.167472
0.0616861 0.167279
0.0616397 0.167086
0.0615926 0.166892
0.0615357 0.166699
0.0615008 0.166506
0.0614278 0.166312
0.0613995 0.166119
0.0613726 0.165925
0.061342 0.165732
0.061342 0.165539
0.0612531 0.165345
0.0611562 0.165345
0.0611159 0.165152
0.0610803 0.164958
0.0610803 0.164765
0.0610259 0.164572
0.0609951 0.164378
0.0609438 0.164185
0.0608546 0.163991
0.0607272 0.163991
0.0606424 0.163798
0.0606014 0.163605
0.0605474 0.163411
0.0605219 0.163218
0.0604899 0.163025
0.0604152 0.162831
0.060396 0.162638
0.060376 0.162444
0.0603132 0.162251
0.0602548 0.162058
0.060251 0.161864
0.0602493 0.161671
0.0602063 0.161477
0.0601496 0.161284
0.060045 0.161284
0.0599574 0.161091
0.0599331 0.160897
0.0598372 0.160704
0.0597883 0.160511
0.0597599 0.160317
0.0597581 0.160124
0.0597266 0.15993
0.0596692 0.159737
0.0596299 0.159544
0.0595274 0.159544
0.0594447 0.15935
0.0593301 0.15935
0.0592172 0.15935
0.0591445 0.159157
0.0591102 0.158963
0.0591102 0.15877
0.0590207 0.158577
0.058946 0.158383
0.058845 0.158383
0.0588134 0.15819
0.0587106 0.15819
0.0586341 0.157997
0.0585239 0.157997
0.0585153 0.157803
0.0585006 0.15761
0.0583707 0.15761
0.0583134 0.157223
0.0582957 0.15703
0.058256 0.156836
0.0581726 0.156643
0.0581379 0.156449
0.058025 0.156449
0.0580186 0.156256
0.0579909 0.156063
0.0579193 0.155869
0.0578923 0.155676
0.0578874 0.155482
0.0578829 0.155289
0.057805 0.155096
0.0577658 0.154902
0.0577658 0.154709
0.0576808 0.154516
0.0576147 0.154322
0.0575358 0.154129
0.0574845 0.153935
0.0574606 0.153742
0.0574065 0.153549
0.0574065 0.153355
0.0573632 0.153162
0.0573632 0.152968
0.0572721 0.152775
0.0572626 0.152582
0.0572063 0.152388
0.0571813 0.152195
0.0571813 0.152002
0.0571248 0.151808
0.0570846 0.151615
0.0570416 0.151421
0.0569981 0.151228
0.0568717 0.151228
0.0568121 0.151035
0.056709 0.151035
0.056709 0.150841
0.0566945 0.150648
0.0566265 0.150454
0.0565261 0.150454
0.056479 0.150261
0.0564494 0.150068
0.0564162 0.149874
0.0563818 0.149681
0.0562768 0.149681
0.0561799 0.149681
0.0560855 0.149488
0.0560227 0.149294
0.0559897 0.149101
0.0559897 0.148907
0.0559777 0.148714
0.0559006 0.148521
0.0558306 0.148327
0.0557276 0.148327
0.0557137 0.148134
0.055614 0.148134
0.0555924 0.14794
0.0555817 0.147747
0.0555505 0.147554
0.0554975 0.14736
0.0554089 0.147167
0.0553505 0.146974
0.0552476 0.146974
0.0552443 0.14678
0.0551835 0.146587
0.0551165 0.146393
0.0550075 0.146393
0.0549427 0.1462
0.0548484 0.146007
0.0547231 0.146007
0.0547231 0.145813
0.0547204 0.14562
0.0546223 0.14562
0.0546036 0.145426
0.0545527 0.145233
0.054543 0.14504
0.0544832 0.144846
0.0543997 0.144653
0.05432 0.144459
0.0541929 0.144459
0.054161 0.144266
0.0541118 0.144073
0.054077 0.143879
0.0540647 0.143686
0.0540447 0.143493
0.0539585 0.143299
0.0539585 0.143106
0.053881 0.142912
0.0538788 0.142719
0.0537766 0.142719
0.0537565 0.142526
0.0537565 0.142332
0.0536587 0.142332
0.0536186 0.142139
0.053562 0.141945
0.053458 0.141945
0.0533881 0.141752
0.0533301 0.141559
0.0532527 0.141365
0.0532399 0.141172
0.0532287 0.140979
0.0531839 0.140785
0.053172 0.140592
0.0531505 0.140398
0.0530317 0.140398
0.0529526 0.140205
0.0528526 0.140205
0.0527462 0.140205
0.0527174 0.140012
0.0526145 0.140012
0.0525951 0.139818
0.0524906 0.139818
0.0524756 0.139625
0.0523965 0.139431
0.0523208 0.139238
0.0523093 0.139045
0.0522389 0.138851
0.0521435 0.138658
0.0520156 0.138658
0.0519044 0.138658
0.0517861 0.138658
0.0517765 0.138465
0.0517765 0.138271
0.0517376 0.137884
0.0516707 0.137691
0.051626 0.137498
0.0515305 0.137304
0.0515001 0.137111
0.051436 0.136917
0.0514324 0.136724
0.0514315 0.136531
0.0513917 0.136337
0.0513076 0.136144
0.0512508 0.13595
0.0512257 0.135757
0.0511306 0.135564
0.0510407 0.13537
0.0509854 0.135177
0.0508997 0.134984
0.0508997 0.13479
0.0508997 0.134597
0.0508997 0.134403
0.0508997 0.13421
0.0508127 0.134017
0.0507958 0.133823
0.0507791 0.13363
0.0506841 0.133436
0.0506841 0.133243
0.0506315 0.13305
0.0505533 0.132856
0.0504702 0.132663
0.0503634 0.132663
0.0503602 0.13247
0.0503118 0.132276
0.0502568 0.132083
0.0501939 0.131889
0.0500878 0.131889
0.0499664 0.131889
0.0498911 0.131696
0.0498828 0.131503
0.0498151 0.131309
0.0497566 0.131116
0.0496727 0.130922
0.0496088 0.130729
0.0494808 0.130729
0.0493697 0.130729
0.04932 0.130536
0.0492281 0.130342
0.049184 0.130149
0.04912 0.129956
0.0490208 0.129956
0.0489484 0.129762
0.0489149 0.129569
0.048878 0.129375
0.048745 0.129375
0.0486915 0.129182
0.0486774 0.128989
0.0485978 0.128795
0.0485567 0.128602
0.0485397 0.128408
0.0485397 0.128215
0.0484854 0.128022
0.0483995 0.127828
0.0483049 0.127635
0.0482318 0.127442
0.048219 0.127248
0.048219 0.127055
0.0481517 0.126861
0.0480917 0.126668
0.0479856 0.126668
0.0479728 0.126475
0.0479383 0.126281
0.0477926 0.126281
0.0476925 0.126281
0.0475812 0.126281
0.0474473 0.126281
0.0473349 0.126281
0.0472528 0.126088
0.0471312 0.126088
0.0470956 0.125894
0.0470575 0.125701
0.0470569 0.125508
0.0469916 0.125314
0.0468973 0.125121
0.0468768 0.124927
0.0467807 0.124734
0.0467417 0.124541
0.0466744 0.124347
0.0466744 0.124154
0.0465688 0.124154
0.0465129 0.123961
0.0465129 0.123767
0.0464222 0.123574
0.0462883 0.123574
0.0461906 0.123574
0.0461292 0.12338
0.0461036 0.123187
0.0459913 0.123187
0.0459452 0.122994
0.0458736 0.1228
0.0458555 0.122607
0.0457653 0.122413
0.0456588 0.122413
0.0456588 0.12222
0.0456469 0.122027
0.0456065 0.121833
0.0456062 0.12164
0.0455503 0.121447
0.0454669 0.121253
0.0454669 0.12106
0.0453571 0.12106
0.0453353 0.120866
0.0453109 0.120673
0.0451847 0.120673
0.0450893 0.12048
0.0450893 0.120286
0.0449936 0.120093
0.0448629 0.120093
0.0448502 0.119899
0.0447416 0.119899
0.0446668 0.119706
0.0445973 0.119513
0.0445403 0.119319
0.0445176 0.119126
0.0445176 0.118933
0.0444899 0.118739
0.0444111 0.118546
0.0443693 0.118352
0.0442945 0.118159
0.0442228 0.117966
0.0441573 0.117772
0.04408 0.117579
0.0439736 0.117579
0.0439239 0.117385
0.0439157 0.117192
0.0438458 0.116999
0.0437529 0.116805
0.0437393 0.116612
0.0436265 0.116612
0.0435472 0.116418
0.0434846 0.116225
0.0433863 0.116225
0.0433631 0.116032
0.0433565 0.115838
0.0433419 0.115645
0.043292 0.115452
0.0432095 0.115258
0.0432095 0.115065
0.0431323 0.114871
0.043043 0.114678
0.0429867 0.114485
0.0429051 0.114291
0.0428795 0.114098
0.0427503 0.114098
0.042728 0.113904
0.042728 0.113711
0.0427194 0.113518
0.0427121 0.113324
0.0426889 0.113131
0.0425702 0.113131
0.0425022 0.112938
0.042484 0.112744
0.0424101 0.112551
0.0423172 0.112357
0.0422508 0.112164
0.042121 0.112164
0.0419948 0.112164
0.0419783 0.111971
0.0419021 0.111777
0.0417818 0.111777
0.0416651 0.111777
0.0416583 0.111584
0.0415897 0.11139
0.0415405 0.111197
0.0415311 0.111004
0.0415311 0.11081
0.0414742 0.110617
0.0414513 0.110424
0.0413268 0.110424
0.0412444 0.11023
0.0411724 0.110037
0.0410522 0.110037
0.0409411 0.110037
0.0408577 0.109843
0.0408142 0.10965
0.0408141 0.109457
0.0408113 0.109263
0.0407359 0.10907
0.0407182 0.108876
0.0406969 0.108683
0.0406513 0.10849
0.0405871 0.108296
0.0405204 0.108103
0.0404816 0.107909
0.0404444 0.107716
0.0403647 0.107523
0.0402804 0.107329
0.0401594 0.107329
0.0401582 0.107136
0.0401321 0.106943
0.0401321 0.106749
0.0400367 0.106556
0.039943 0.106362
0.0398477 0.106169
0.0397844 0.105976
0.0396677 0.105976
0.0396557 0.105782
0.0396126 0.105589
0.0395161 0.105395
0.0394898 0.105202
0.0394563 0.105009
0.0393849 0.104815
0.0393053 0.104622
0.0392466 0.104429
0.0392327 0.104235
0.0392192 0.104042
0.0391656 0.103848
0.0390908 0.103655
0.0390344 0.103462
0.0389679 0.103268
0.0388777 0.103075
0.0388586 0.102881
0.0387326 0.102881
0.0386372 0.102688
0.0385649 0.102495
0.0384837 0.102301
0.0384667 0.102108
0.0383856 0.101915
0.0383444 0.101721
0.0383028 0.101528
0.0383028 0.101334
0.0382029 0.101334
0.0381573 0.101141
0.0380881 0.100948
0.0380832 0.100754
0.0379885 0.100561
0.0379078 0.100367
0.0378658 0.100174
0.0377728 0.0999807
0.0376631 0.0999807
0.0376279 0.0997873
0.0376191 0.0995939
0.0375757 0.0994005
0.0374842 0.0992071
0.0374212 0.0990137
0.037334 0.0988203
0.0372441 0.098627
0.0372441 0.0984336
0.0372441 0.0982402
0.0372107 0.0980468
0.0371301 0.0978534
0.0370976 0.09766
0.0370352 0.0974666
0.0369728 0.0972733
0.0368601 0.0972733
0.0368332 0.0970799
0.0367589 0.0968865
0.0366668 0.0966931
0.0366668 0.0964997
0.0366031 0.0963063
0.0365285 0.0961129
0.0364608 0.0959196
0.0364608 0.0957262
0.036371 0.0955328
0.0362831 0.0953394
0.0362652 0.095146
0.0361956 0.0949526
0.0361631 0.0947592
0.0360896 0.0945658
0.0360017 0.0943725
0.0359963 0.0941791
0.0359131 0.0939857
0.0358859 0.0937923
0.0358143 0.0935989
0.0357101 0.0935989
0.0356812 0.0934055
0.0355717 0.0934055
0.0355061 0.0932121
0.0354493 0.0930188
0.035405 0.0928254
0.0353445 0.092632
0.0352979 0.0924386
0.0352383 0.0922452
0.0351509 0.0920518
0.0350573 0.0918584
0.0350573 0.0916651
0.0350573 0.0914717
0.0349624 0.0912783
0.0348963 0.0910849
0.0348274 0.0908915
0.0347499 0.0906981
0.0346512 0.0906981
0.0345385 0.0906981
0.0345102 0.0905047
0.0344054 0.0905047
0.0342864 0.0905047
0.0341862 0.0905047
0.0341474 0.0903114
0.0340228 0.0903114
0.0339736 0.090118
0.0339463 0.0899246
0.0339463 0.0897312
0.0338732 0.0895378
0.0337835 0.0893444
0.0337292 0.089151
0.0336675 0.0889576
0.0336271 0.0887643
0.0336007 0.0885709
0.0335826 0.0883775
0.0335248 0.0881841
0.0334421 0.0879907
0.0333134 0.0879907
0.033244 0.0877973
0.0331865 0.0876039
0.0331 0.0874106
0.0330794 0.0872172
0.0330769 0.0870238
0.0330634 0.0868304
0.0329394 0.0868304
0.0328937 0.086637
0.0328937 0.0864436
0.0328357 0.0862502
0.0328357 0.0860569
0.0328187 0.0858635
0.0327312 0.0856701
0.0327025 0.0854767
0.0326375 0.0852833
0.0326043 0.0850899
0.0325481 0.0848965
0.0324706 0.0847032
0.032375 0.0845098
0.0323591 0.0843164
0.0322691 0.084123
0.0322367 0.0839296
0.032147 0.0837362
0.0320929 0.0835428
0.0319814 0.0835428
0.0319261 0.0833494
0.0318602 0.0831561
0.0318219 0.0829627
0.0317658 0.0827693
0.0317239 0.0825759
0.0316833 0.0823825
0.0316833 0.0821891
0.0315722 0.0821891
0.0315149 0.0819957
0.0314293 0.0818024
0.0313353 0.081609
0.0313265 0.0814156
0.031234 0.0810288
0.03118 0.0808354
0.0310517 0.0808354
0.0310438 0.080642
0.0309855 0.0804487
0.0309105 0.0802553
0.0308828 0.0800619
0.0308253 0.0798685
0.0307266 0.0798685
0.0307071 0.0796751
0.0306122 0.0794817
0.0306122 0.0792883
0.0305211 0.079095
0.0304935 0.0789016
0.0304806 0.0787082
0.0303914 0.0785148
0.0303286 0.0783214
0.0302332 0.078128
0.030165 0.0779346
0.0300884 0.0777412
0.0299849 0.0777412
0.0299653 0.0775479
0.0298305 0.0775479
0.0297605 0.0773545
0.0296609 0.0773545
0.029566 0.0771611
0.0295102 0.0769677
0.0294499 0.0767743
0.0294099 0.0765809
0.0293343 0.0763875
0.0292818 0.0761942
0.0292457 0.0760008
0.0291845 0.0758074
0.0291588 0.075614
0.029052 0.075614
0.0289877 0.0754206
0.0289496 0.0752272
0.0288332 0.0752272
0.0287873 0.0750338
0.0287832 0.0748405
0.0287583 0.0746471
0.0287363 0.0744537
0.0286195 0.0744537
0.0286175 0.0742603
0.028523 0.0740669
0.0284475 0.0738735
0.0283766 0.0736801
0.0283766 0.0734868
0.0283541 0.0732934
0.0283373 0.0731
0.0282497 0.0729066
0.028187 0.0727132
0.0281637 0.0725198
0.0280937 0.0723264
0.0279947 0.0723264
0.027889 0.0723264
0.0277984 0.072133
0.0277246 0.0719397
0.0277235 0.0717463
0.0277099 0.0715529
0.0276671 0.0713595
0.0276032 0.0711661
0.0275781 0.0709727
0.0274927 0.0707793
0.0274017 0.070586
0.0274017 0.0703926
0.0273477 0.0701992
0.0272997 0.0700058
0.0271913 0.0700058
0.0271741 0.0698124
0.0270833 0.069619
0.0270417 0.0694256
0.0269815 0.0692323
0.0269469 0.0690389
0.0268983 0.0688455
0.0268504 0.0686521
0.0267709 0.0684587
0.0266622 0.0684587
0.0265973 0.0682653
0.02651 0.0680719
0.02651 0.0678786
0.0264097 0.0678786
0.0264097 0.0676852
0.0264094 0.0674918
0.0263684 0.0672984
0.026316 0.067105
0.0262612 0.0669116
0.0262203 0.0667182
0.0261435 0.0665249
0.0261133 0.0663315
0.0260922 0.0661381
0.0260901 0.0659447
0.0260706 0.0657513
0.0259474 0.0657513
0.0259267 0.0655579
0.0259267 0.0653645
0.0259201 0.0651711
0.025855 0.0649778
0.0258441 0.0647844
0.0257433 0.0647844
0.0257224 0.064591
0.0256101 0.064591
0.0255307 0.0643976
0.0254837 0.0642042
0.0254437 0.0640108
0.0253628 0.0638174
0.0253539 0.0636241
0.0253456 0.0634307
0.0252471 0.0634307
0.0251843 0.0632373
0.0251843 0.0630439
0.0251236 0.0628505
0.0250658 0.0626571
0.0249787 0.0624637
0.0248635 0.0624637
0.0248026 0.0622704
0.0247756 0.062077
0.0247185 0.0618836
0.0246285 0.0616902
0.0246285 0.0614968
0.0245887 0.0613034
0.0244913 0.0613034
0.0244207 0.06111
0.0243574 0.0609167
0.0243072 0.0607233
0.024231 0.0605299
0.024231 0.0603365
0.0241451 0.0601431
0.0241324 0.0599497
0.0240268 0.0599497
0.0239371 0.0597563
0.0238885 0.0595629
0.0237858 0.0595629
0.023706 0.0593696
0.0236538 0.0591762
0.0236421 0.0589828
0.0235314 0.0589828
0.0235165 0.0587894
0.023459 0.058596
0.0234271 0.0584026
0.0233108 0.0584026
0.0231912 0.0584026
0.0231663 0.0582092
0.0231663 0.0580159
0.0231236 0.0578225
0.0230164 0.0578225
0.0229944 0.0576291
0.0228849 0.0576291
0.0228303 0.0574357
0.0228234 0.0572423
0.0227451 0.0570489
0.0226995 0.0568555
0.0226573 0.0566622
0.0225929 0.0564688
0.0225065 0.0562754
0.0224568 0.056082
0.0224087 0.0558886
0.0223666 0.0556952
0.0223666 0.0555018
0.022281 0.0553085
0.022268 0.0551151
0.0222244 0.0549217
0.0222244 0.0547283
0.02214 0.0545349
0.0220338 0.0545349
0.0220191 0.0543415
0.0220179 0.0541481
0.0219905 0.0539547
0.0219905 0.0537614
0.0219467 0.053568
0.0218641 0.0533746
0.0218641 0.0531812
0.0218189 0.0529878
0.0217197 0.0529878
0.0217019 0.0527944
0.0216324 0.052601
0.0216058 0.0524077
0.0215436 0.0522143
0.0214855 0.0520209
0.0214706 0.0518275
0.0214689 0.0516341
0.021341 0.0516341
0.0212449 0.0514407
0.0211159 0.0514407
0.021054 0.0512473
0.0210115 0.051054
0.0209686 0.0508606
0.0208971 0.0506672
0.020858 0.0504738
0.0208161 0.0502804
0.0207886 0.050087
0.0206711 0.050087
0.020543 0.050087
0.0205262 0.0498936
0.0204507 0.0497003
0.0204507 0.0495069
0.020385 0.0493135
0.0203197 0.0491201
0.0203197 0.0489267
0.0202099 0.0489267
0.0201294 0.0487333
0.0200649 0.0485399
0.0199856 0.0483465
0.0199154 0.0481532
0.0198817 0.0479598
0.0197975 0.0477664
0.0196927 0.0477664
0.0196906 0.047573
0.0196225 0.0473796
0.0194836 0.0473796
0.0193894 0.0471862
0.0193138 0.0469928
0.0193021 0.0467995
0.0192404 0.0466061
0.0191592 0.0464127
0.0191056 0.0462193
0.0190704 0.0460259
0.018993 0.0458325
0.0189635 0.0456391
0.0189003 0.0454458
0.0187906 0.0454458
0.0187664 0.0452524
0.0187142 0.045059
0.0186471 0.0448656
0.0185902 0.0446722
0.0185902 0.0444788
0.018543 0.0442854
0.0184392 0.0442854
0.0184138 0.0440921
0.0183765 0.0438987
0.018241 0.0438987
0.0182088 0.0437053
0.0181581 0.0435119
0.0181433 0.0433185
0.0181272 0.0431251
0.0180719 0.0429317
0.018022 0.0427383
0.0179002 0.0427383
0.0178278 0.042545
0.0178058 0.0423516
0.0178058 0.0421582
0.0177464 0.0419648
0.0176722 0.0417714
0.0176038 0.041578
0.0174888 0.041578
0.0174624 0.0413846
0.0173604 0.0413846
0.0172377 0.0413846
0.0172377 0.0411913
0.0171298 0.0411913
0.0170767 0.0409979
0.0170064 0.0408045
0.0168932 0.0408045
0.0168127 0.0406111
0.0168127 0.0404177
0.0167743 0.0402243
0.0166767 0.0402243
0.0166302 0.0400309
0.0165126 0.0400309
0.0164525 0.0398376
0.0163424 0.0398376
0.0162959 0.0396442
0.0161891 0.0396442
0.0161418 0.0394508
0.0160867 0.0392574
0.016054 0.039064
0.016054 0.0388706
0.0159735 0.0386772
0.015866 0.0386772
0.0158291 0.0384839
0.0157529 0.0382905
0.0156392 0.0382905
0.0155821 0.0380971
0.0154864 0.0379037
0.0154106 0.0377103
0.0153186 0.0375169
0.0152744 0.0373235
0.0152744 0.0371301
0.0151346 0.0371301
0.0149976 0.0371301
0.0149609 0.0369368
0.0149141 0.0367434
0.0148742 0.03655
0.0148659 0.0363566
0.014743 0.0363566
0.0147427 0.0361632
0.0147427 0.0359698
0.0147087 0.0357764
0.0146667 0.0355831
0.014608 0.0353897
0.0145103 0.0353897
0.0144705 0.0351963
0.0144196 0.0350029
0.0143412 0.0348095
0.0142502 0.0346161
0.0141876 0.0344227
0.014108 0.0342294
0.0139804 0.0342294
0.0139557 0.034036
0.013855 0.034036
0.0137741 0.0338426
0.0137584 0.0336492
0.0137584 0.0334558
0.0137102 0.0332624
0.0136266 0.033069
0.0136192 0.0328757
0.0134938 0.0328757
0.0134281 0.0326823
0.0133979 0.0324889
0.0133016 0.0322955
0.0132135 0.0321021
0.0131425 0.0319087
0.0131027 0.0317153
0.0130869 0.0315219
0.0130753 0.0313286
0.0129492 0.0313286
0.0128391 0.0313286
0.0128014 0.0311352
0.0128009 0.0309418
0.0126846 0.0309418
0.0126058 0.0307484
0.0125545 0.030555
0.0125545 0.0303616
0.0124954 0.0301682
0.0123815 0.0301682
0.0122797 0.0301682
0.0122024 0.0299749
0.0121551 0.0297815
0.012101 0.0295881
0.0120966 0.0293947
0.0120966 0.0292013
0.0119879 0.0292013
0.0119203 0.0290079
0.0118245 0.0288145
0.0116993 0.0288145
0.0116244 0.0286212
0.0115921 0.0284278
0.0115456 0.0282344
0.0114632 0.028041
0.0114391 0.0278476
0.0113425 0.0276542
0.0113095 0.0274608
0.0113073 0.0272675
0.0112051 0.0272675
0.0111989 0.0270741
0.0111251 0.0268807
0.0109916 0.0268807
0.0109269 0.0266873
0.010832 0.0264939
0.0108318 0.0263005
0.0108138 0.0261071
0.0107751 0.0259137
0.0107162 0.0257204
0.0105992 0.0253336
0.0105435 0.0251402
0.0104843 0.0249468
0.0104553 0.0247534
0.0104553 0.02456
0.0104225 0.0243667
0.0103225 0.0243667
0.0103225 0.0241733
0.0102226 0.0241733
0.0101874 0.0239799
0.0101008 0.0237865
0.00996722 0.0233997
0.00985864 0.0233997
0.00981099 0.0232063
0.00980654 0.023013
0.00974262 0.0228196
0.00967499 0.0226262
0.00956709 0.0226262
0.00950406 0.0224328
0.00940475 0.0224328
0.00931726 0.0222394
0.00927857 0.022046
0.00927857 0.0218526
0.00914888 0.0218526
0.00905008 0.0218526
0.00905008 0.0216593
0.00899512 0.0214659
0.00898807 0.0212725
0.00886745 0.0212725
0.00883789 0.0210791
0.00876647 0.0208857
0.00862588 0.0208857
0.00859382 0.0206923
0.00857802 0.0204989
0.00852021 0.0203056
0.00841043 0.0203056
0.00835603 0.0201122
0.0082776 0.0199188
0.00825275 0.0197254
0.00813632 0.0197254
0.00808368 0.019532
0.00806115 0.0193386
0.00800337 0.0191452
0.00800337 0.0189518
0.00798848 0.0187585
0.00790336 0.0185651
0.00782028 0.0183717
0.00776001 0.0181783
0.00770893 0.0179849
0.00756895 0.0179849
0.00754253 0.0177915
0.00747365 0.0175981
0.00747304 0.0174048
0.00736778 0.0174048
0.00728478 0.0172114
0.00717472 0.0172114
0.00703559 0.0172114
0.0069529 0.017018
0.00691685 0.0168246
0.00683077 0.0166312
0.00676162 0.0164378
0.00674185 0.0162444
0.00674185 0.0160511
0.00666719 0.0158577
0.00660047 0.0156643
0.0064983 0.0156643
0.0064983 0.0154709
0.0064983 0.0152775
0.00643939 0.0150841
0.00639637 0.0148907
0.00633433 0.0146974
0.0062874 0.014504
0.00623398 0.0143106
0.00617891 0.0141172
0.00611539 0.0139238
0.00609656 0.0137304
0.00596745 0.0137304
0.00587471 0.013537
0.00587471 0.0133436
0.00583835 0.0131503
0.00574344 0.0129569
0.00564818 0.0127635
0.00562508 0.0125701
0.00558999 0.0123767
0.00555862 0.0121833
0.00548117 0.0119899
0.0054206 0.0117966
0.00530322 0.0117966
0.0052595 0.0116032
0.00515818 0.0116032
0.00513072 0.0114098
0.00513072 0.0112164
0.00503135 0.0112164
0.00494571 0.011023
0.0048247 0.011023
0.00480362 0.0108296
0.0046815 0.0108296
0.00465168 0.0106362
0.00465168 0.0104429
0.00461277 0.0102495
0.00452788 0.0100561
0.00445841 0.0098627
0.00443444 0.00966931
0.00437978 0.00947592
0.00424139 0.00947592
0.00414835 0.00928254
0.00405563 0.00908915
0.00398174 0.00889576
0.00392417 0.00870238
0.00392417 0.00850899
0.00380477 0.00850899
0.00370016 0.00850899
0.00363532 0.00831561
0.00354197 0.00812222
0.00344336 0.00812222
0.00334446 0.00812222
0.00324264 0.00812222
0.00312905 0.00812222
0.00303224 0.00812222
0.0030306 0.00792883
0.00302015 0.00773545
0.00296035 0.00754206
0.00292469 0.00734868
0.00284806 0.00715529
0.00277779 0.0069619
0.00275345 0.00676852
0.00273523 0.00657513
0.00271186 0.00638174
0.00267558 0.00618836
0.00266006 0.00599497
0.00258424 0.00580159
0.00245016 0.00580159
0.00237795 0.0056082
0.0023286 0.00541481
0.00228499 0.00522143
0.00222576 0.00502804
0.00222103 0.00483465
0.00209512 0.00483465
0.00202548 0.00464127
0.00192035 0.00464127
0.00183178 0.00444788
0.00177295 0.0042545
0.00171377 0.00406111
0.00166203 0.00386772
0.0015884 0.00367434
0.00157302 0.00348095
0.00145203 0.00348095
0.00141032 0.00328757
0.00129943 0.00328757
0.00129561 0.00309418
0.00118125 0.00309418
0.0011536 0.00290079
0.00109073 0.00270741
0.000966362 0.00270741
0.000923532 0.00251402
0.000822906 0.00251402
0.000728871 0.00232063
0.000723079 0.00212725
0.000634963 0.00193386
0.000619024 0.00174048
0.000519222 0.00174048
0.000465041 0.00154709
0.000384971 0.0013537
0.000384971 0.00116032
0.000278778 0.00116032
0.000237263 0.000966931
0.000162533 0.000773545
0.000145713 0.000580159
0.000118084 0.000386772
3.70734e-05 0.000193386
0 0
