0.532749 0.0392574
0.532631 0.0392574
0.532621 0.039064
0.532502 0.039064
0.532396 0.039064
0.532396 0.0388706
0.532262 0.0388706
0.532103 0.0388706
0.532002 0.0388706
0.532002 0.0386772
0.531879 0.0386772
0.531838 0.0386772
0.531718 0.0386772
0.531576 0.0386772
0.531459 0.0386772
0.531459 0.0384839
0.531459 0.0382905
0.531346 0.0382905
0.531213 0.0382905
0.531066 0.0382905
0.530932 0.0382905
0.53079 0.0382905
0.530631 0.0382905
0.530516 0.0382905
0.53037 0.0382905
0.53023 0.0382905
0.530133 0.0382905
0.530018 0.0382905
0.530018 0.0380971
0.52989 0.0380971
0.529763 0.0380971
0.529638 0.0380971
0.529537 0.0380971
0.529437 0.0380971
0.529303 0.0380971
0.52916 0.0380971
0.529068 0.0379037
0.528956 0.0379037
0.528786 0.0379037
0.52867 0.0379037
0.52855 0.0379037
0.528413 0.0379037
0.528287 0.0379037
0.528157 0.0379037
0.52803 0.0379037
0.527908 0.0379037
0.527813 0.0377103
0.527676 0.0377103
0.527568 0.0377103
0.527446 0.0377103
0.527312 0.0377103
0.527191 0.0377103
0.527191 0.0375169
0.527067 0.0375169
0.526955 0.0375169
0.526833 0.0375169
0.526716 0.0375169
0.52659 0.0375169
0.526478 0.0375169
0.526352 0.0375169
0.526352 0.0373235
0.526227 0.0373235
0.526227 0.0371301
0.526107 0.0371301
0.526006 0.0371301
0.526006 0.0369368
0.525883 0.0369368
0.525789 0.0367434
0.525659 0.0367434
0.525546 0.0367434
0.525546 0.03655
0.525414 0.03655
0.525274 0.03655
0.525182 0.0363566
0.525182 0.0361632
0.525182 0.0359698
0.525066 0.0359698
0.524906 0.0359698
0.524765 0.0359698
0.524656 0.0359698
0.524533 0.0359698
0.524408 0.0359698
0.524288 0.0359698
0.524177 0.0359698
0.524056 0.0359698
0.523925 0.0359698
0.523803 0.0359698
0.523673 0.0359698
0.52353 0.0359698
0.523435 0.0357764
0.523296 0.0357764
0.523168 0.0357764
0.523057 0.0357764
0.522955 0.0357764
0.522829 0.0357764
0.5227 0.0357764
0.522546 0.0357764
0.522546 0.0355831
0.522458 0.0353897
0.522458 0.0351963
0.522458 0.0350029
0.522329 0.0350029
0.522199 0.0350029
0.522097 0.0350029
0.521947 0.0350029
0.521813 0.0350029
0.521685 0.0350029
0.52155 0.0350029
0.521415 0.0350029
0.521295 0.0350029
0.521147 0.0350029
0.521005 0.0350029
0.520869 0.0350029
0.520712 0.0350029
0.520581 0.0350029
0.520475 0.0350029
0.520357 0.0350029
0.520241 0.0350029
0.520121 0.0350029
0.519989 0.0350029
0.519874 0.0350029
0.519728 0.0350029
0.519593 0.0350029
0.519505 0.0348095
0.51939 0.0348095
0.519236 0.0348095
0.51912 0.0348095
0.518999 0.0348095
0.518879 0.0348095
0.518751 0.0348095
0.518613 0.0348095
0.518476 0.0348095
0.518352 0.0348095
0.518226 0.0348095
0.518093 0.0348095
0.517986 0.0348095
0.517848 0.0348095
0.517736 0.0348095
0.517584 0.0348095
0.517484 0.0348095
0.517372 0.0348095
0.517227 0.0348095
0.517127 0.0348095
0.516995 0.0348095
0.516874 0.0348095
0.516735 0.0348095
0.516621 0.0348095
0.516492 0.0348095
0.516352 0.0348095
0.516226 0.0348095
0.516085 0.0348095
0.515987 0.0348095
0.515853 0.0348095
0.515752 0.0348095
0.515637 0.0348095
0.515511 0.0348095
0.515366 0.0348095
0.51526 0.0348095
0.515132 0.0348095
0.514998 0.0348095
0.514866 0.0348095
0.514736 0.0348095
0.514659 0.0346161
0.514545 0.0346161
0.514545 0.0344227
0.514401 0.0344227
0.514276 0.0344227
0.514161 0.0344227
0.514159 0.0342294
0.514038 0.0342294
0.513894 0.0342294
0.513752 0.0342294
0.513615 0.0342294
0.513488 0.0342294
0.513348 0.0342294
0.513253 0.034036
0.513179 0.0338426
0.513035 0.0338426
0.512929 0.0338426
0.512772 0.0338426
0.512648 0.0338426
0.512648 0.0336492
0.512531 0.0336492
0.512429 0.0336492
0.512292 0.0336492
0.512292 0.0334558
0.5122 0.0332624
0.512068 0.0332624
0.511946 0.0332624
0.511826 0.0332624
0.511696 0.0332624
0.511574 0.0332624
0.511468 0.0332624
0.511332 0.0332624
0.511195 0.0332624
0.511054 0.0332624
0.510913 0.0332624
0.510787 0.0332624
0.510648 0.0332624
0.510511 0.0332624
0.510394 0.0332624
0.510271 0.0332624
0.510151 0.0332624
0.510013 0.0332624
0.509867 0.0332624
0.509735 0.0332624
0.509618 0.0332624
0.50949 0.0332624
0.509354 0.0332624
0.509205 0.0332624
0.509075 0.0332624
0.50896 0.0332624
0.508835 0.0332624
0.508706 0.0332624
0.508576 0.0332624
0.508476 0.0332624
0.508476 0.033069
0.50833 0.033069
0.508209 0.033069
0.508096 0.033069
0.507974 0.033069
0.507873 0.033069
0.507746 0.033069
0.507612 0.033069
0.507491 0.033069
0.507373 0.033069
0.50724 0.033069
0.507119 0.033069
0.507012 0.033069
0.506916 0.0328757
0.506801 0.0328757
0.506683 0.0328757
0.506569 0.0328757
0.506459 0.0328757
0.506459 0.0326823
0.506298 0.0326823
0.506172 0.0326823
0.506028 0.0326823
0.505916 0.0326823
0.505802 0.0326823
0.505679 0.0326823
0.505535 0.0326823
0.505395 0.0326823
0.505248 0.0326823
0.505248 0.0324889
0.505133 0.0324889
0.505036 0.0324889
0.504902 0.0324889
0.504776 0.0324889
0.504685 0.0322955
0.504585 0.0322955
0.504458 0.0322955
0.504458 0.0321021
0.504315 0.0321021
0.504049 0.0321021
0.503952 0.0321021
0.503845 0.0321021
0.503845 0.0319087
0.50371 0.0319087
0.50371 0.0317153
0.503605 0.0317153
0.503468 0.0317153
0.503333 0.0317153
0.503195 0.0317153
0.50307 0.0317153
0.502941 0.0317153
0.502815 0.0317153
0.502669 0.0317153
0.502533 0.0317153
0.502431 0.0317153
0.502309 0.0317153
0.502174 0.0317153
0.50209 0.0315219
0.501976 0.0315219
0.501864 0.0315219
0.501864 0.0313286
0.501735 0.0313286
0.501641 0.0311352
0.501517 0.0311352
0.501381 0.0311352
0.50126 0.0311352
0.501143 0.0311352
0.501032 0.0311352
0.500894 0.0311352
0.500776 0.0311352
0.500631 0.0311352
0.500505 0.0311352
0.500356 0.0311352
0.500244 0.0311352
0.500119 0.0311352
0.499974 0.0311352
0.499852 0.0311352
0.499714 0.0311352
0.499549 0.0311352
0.499417 0.0311352
0.499281 0.0311352
0.49915 0.0311352
0.499005 0.0311352
0.498886 0.0311352
0.498724 0.0311352
0.498603 0.0311352
0.498471 0.0311352
0.498339 0.0311352
0.498231 0.0311352
0.498093 0.0311352
0.497961 0.0311352
0.497828 0.0311352
0.497717 0.0311352
0.497593 0.0311352
0.497468 0.0311352
0.497342 0.0311352
0.497234 0.0311352
0.497116 0.0311352
0.497008 0.0311352
0.496899 0.0311352
0.4968 0.0311352
0.496694 0.0311352
0.49655 0.0311352
0.496412 0.0311352
0.496317 0.0309418
0.496199 0.0309418
0.496071 0.0309418
0.495955 0.0309418
0.495827 0.0309418
0.495673 0.0309418
0.495548 0.0309418
0.495424 0.0309418
0.495287 0.0309418
0.495152 0.0309418
0.495016 0.0309418
0.494877 0.0309418
0.494749 0.0309418
0.494618 0.0309418
0.494488 0.0309418
0.49437 0.0309418
0.494228 0.0309418
0.494107 0.0309418
0.493983 0.0309418
0.493865 0.0309418
0.493742 0.0309418
0.493607 0.0309418
0.493469 0.0309418
0.493351 0.0309418
0.493247 0.0309418
0.493082 0.0309418
0.492969 0.0309418
0.492849 0.0309418
0.492702 0.0309418
0.492595 0.0309418
0.492479 0.0309418
0.492349 0.0309418
0.492225 0.0309418
0.492094 0.0309418
0.491982 0.0309418
0.491852 0.0309418
0.491714 0.0309418
0.491608 0.0309418
0.49149 0.0309418
0.491356 0.0309418
0.491227 0.0309418
0.491089 0.0309418
0.490966 0.0309418
0.490829 0.0309418
0.490695 0.0309418
0.490587 0.0309418
0.490454 0.0309418
0.490323 0.0309418
0.490215 0.0309418
0.490108 0.0309418
0.489985 0.0309418
0.489876 0.0309418
0.489768 0.0309418
0.489652 0.0309418
0.489526 0.0309418
0.489405 0.0309418
0.489277 0.0309418
0.489176 0.0309418
0.489081 0.0307484
0.488957 0.0307484
0.488831 0.0307484
0.488692 0.0307484
0.488562 0.0307484
0.488419 0.0307484
0.488288 0.0307484
0.488169 0.0307484
0.488035 0.0307484
0.487908 0.0307484
0.48778 0.0307484
0.487649 0.0307484
0.487532 0.0307484
0.487418 0.0307484
0.48731 0.0307484
0.487176 0.0307484
0.487035 0.0307484
0.486919 0.0307484
0.486786 0.0307484
0.486664 0.0307484
0.486563 0.0307484
0.486553 0.030555
0.486422 0.030555
0.48632 0.030555
0.48618 0.030555
0.486043 0.030555
0.485914 0.030555
0.485786 0.030555
0.485648 0.030555
0.485557 0.0303616
0.485421 0.0303616
0.48529 0.0303616
0.485175 0.0303616
0.485048 0.0303616
0.484909 0.0303616
0.484794 0.0303616
0.484657 0.0303616
0.484553 0.0303616
0.48441 0.0303616
0.484301 0.0303616
0.484172 0.0303616
0.484049 0.0303616
0.483898 0.0303616
0.483775 0.0303616
0.483646 0.0303616
0.483521 0.0303616
0.483388 0.0303616
0.483255 0.0303616
0.483148 0.0303616
0.483018 0.0303616
0.482891 0.0303616
0.482747 0.0303616
0.482613 0.0303616
0.482488 0.0303616
0.482356 0.0303616
0.48223 0.0303616
0.482104 0.0303616
0.481992 0.0303616
0.481887 0.0303616
0.481762 0.0303616
0.481662 0.0303616
0.481576 0.0301682
0.481455 0.0301682
0.481328 0.0301682
0.481205 0.0301682
0.481063 0.0301682
0.480939 0.0301682
0.480815 0.0301682
0.480706 0.0301682
0.48057 0.0301682
0.480331 0.0301682
0.48022 0.0301682
0.480089 0.0301682
0.479973 0.0301682
0.479839 0.0301682
0.479695 0.0301682
0.479563 0.0301682
0.47943 0.0301682
0.479328 0.0301682
0.479207 0.0301682
0.479097 0.0301682
0.478997 0.0301682
0.478861 0.0301682
0.478753 0.0301682
0.47866 0.0299749
0.478579 0.0297815
0.478467 0.0297815
0.478322 0.0297815
0.478322 0.0295881
0.478216 0.0295881
0.478093 0.0295881
0.47796 0.0295881
0.477835 0.0295881
0.477715 0.0295881
0.477596 0.0295881
0.477468 0.0295881
0.477355 0.0295881
0.477234 0.0295881
0.477128 0.0295881
0.477013 0.0295881
0.476878 0.0295881
0.476749 0.0295881
0.47661 0.0295881
0.4765 0.0295881
0.476373 0.0295881
0.476252 0.0295881
0.47613 0.0295881
0.476019 0.0295881
0.475888 0.0295881
0.475748 0.0295881
0.475621 0.0295881
0.475531 0.0293947
0.475397 0.0293947
0.475276 0.0293947
0.475177 0.0293947
0.475073 0.0293947
0.474946 0.0293947
0.474812 0.0293947
0.474701 0.0293947
0.474585 0.0293947
0.474441 0.0293947
0.474311 0.0293947
0.474181 0.0293947
0.474039 0.0293947
0.473915 0.0293947
0.473783 0.0293947
0.473649 0.0293947
0.47352 0.0293947
0.473401 0.0293947
0.473282 0.0293947
0.473151 0.0293947
0.473032 0.0293947
0.472917 0.0293947
0.472771 0.0293947
0.472666 0.0293947
0.472541 0.0293947
0.472418 0.0293947
0.472295 0.0293947
0.472187 0.0293947
0.472065 0.0293947
0.471941 0.0293947
0.471824 0.0293947
0.471714 0.0293947
0.471608 0.0293947
0.471477 0.0293947
0.471381 0.0292013
0.471246 0.0292013
0.471136 0.0292013
0.470998 0.0292013
0.470891 0.0292013
0.470771 0.0292013
0.470645 0.0292013
0.470513 0.0292013
0.470372 0.0292013
0.470255 0.0292013
0.470132 0.0292013
0.470002 0.0292013
0.469871 0.0292013
0.46973 0.0292013
0.469619 0.0292013
0.4695 0.0292013
0.469357 0.0292013
0.469227 0.0292013
0.469115 0.0292013
0.469008 0.0292013
0.468874 0.0292013
0.468747 0.0292013
0.46865 0.0292013
0.468527 0.0292013
0.468372 0.0292013
0.468233 0.0292013
0.468079 0.0292013
0.467964 0.0292013
0.467842 0.0292013
0.467707 0.0292013
0.467601 0.0292013
0.467462 0.0292013
0.467358 0.0292013
0.467246 0.0292013
0.467116 0.0292013
0.467 0.0292013
0.466878 0.0292013
0.466794 0.0290079
0.46665 0.0290079
0.466522 0.0290079
0.466401 0.0290079
0.466275 0.0290079
0.466152 0.0290079
0.46602 0.0290079
0.465881 0.0290079
0.465775 0.0290079
0.465676 0.0290079
0.465567 0.0290079
0.465455 0.0290079
0.465341 0.0290079
0.465196 0.0290079
0.465089 0.0290079
0.464983 0.0290079
0.464835 0.0290079
0.464722 0.0290079
0.464602 0.0290079
0.464472 0.0290079
0.464358 0.0290079
0.464225 0.0290079
0.464109 0.0290079
0.464005 0.0290079
0.463904 0.0290079
0.463776 0.0290079
0.463647 0.0290079
0.46354 0.0290079
0.463393 0.0290079
0.463287 0.0290079
0.463164 0.0290079
0.463059 0.0290079
0.462923 0.0290079
0.462817 0.0290079
0.462695 0.0290079
0.462589 0.0290079
0.462486 0.0290079
0.462361 0.0290079
0.462253 0.0290079
0.462112 0.0290079
0.46201 0.0290079
0.461876 0.0290079
0.461746 0.0290079
0.461632 0.0290079
0.461509 0.0290079
0.461382 0.0290079
0.46126 0.0290079
0.461156 0.0290079
0.461032 0.0290079
0.460927 0.0290079
0.460798 0.0290079
0.46068 0.0290079
0.460557 0.0290079
0.460421 0.0290079
0.460291 0.0290079
0.460167 0.0290079
0.460041 0.0290079
0.45992 0.0290079
0.459797 0.0290079
0.459652 0.0290079
0.459514 0.0290079
0.459413 0.0290079
0.459285 0.0290079
0.45917 0.0290079
0.459043 0.0290079
0.458915 0.0290079
0.458781 0.0290079
0.458652 0.0290079
0.458546 0.0290079
0.45843 0.0290079
0.458311 0.0290079
0.458211 0.0290079
0.45809 0.0290079
0.457984 0.0290079
0.457852 0.0290079
0.457705 0.0290079
0.457585 0.0290079
0.457469 0.0290079
0.457353 0.0290079
0.457233 0.0290079
0.457109 0.0290079
0.457012 0.0288145
0.456902 0.0288145
0.456777 0.0288145
0.456644 0.0288145
0.456552 0.0286212
0.456419 0.0286212
0.456317 0.0286212
0.456182 0.0286212
0.45607 0.0286212
0.455939 0.0286212
0.455816 0.0286212
0.455699 0.0286212
0.455569 0.0286212
0.455431 0.0286212
0.455291 0.0286212
0.455154 0.0286212
0.455037 0.0286212
0.454919 0.0286212
0.454788 0.0286212
0.454658 0.0286212
0.45453 0.0286212
0.454392 0.0286212
0.454296 0.0284278
0.454202 0.0282344
0.454074 0.0282344
0.453932 0.0282344
0.453824 0.0282344
0.453691 0.0282344
0.453593 0.0282344
0.453464 0.0282344
0.453326 0.0282344
0.453192 0.0282344
0.453081 0.0282344
0.452954 0.0282344
0.452829 0.0282344
0.45272 0.0282344
0.452597 0.0282344
0.452473 0.0282344
0.45235 0.0282344
0.452217 0.0282344
0.452083 0.0282344
0.451972 0.0282344
0.451841 0.0282344
0.451721 0.0282344
0.451589 0.0282344
0.451503 0.028041
0.451384 0.028041
0.451265 0.028041
0.451141 0.028041
0.451012 0.028041
0.450884 0.028041
0.450769 0.028041
0.450647 0.028041
0.450527 0.028041
0.450413 0.028041
0.450287 0.028041
0.450169 0.028041
0.450057 0.028041
0.44992 0.028041
0.449794 0.028041
0.44967 0.028041
0.449562 0.028041
0.449443 0.028041
0.44931 0.028041
0.44918 0.028041
0.449048 0.028041
0.448935 0.028041
0.448826 0.028041
0.448693 0.028041
0.448568 0.028041
0.448448 0.028041
0.44833 0.028041
0.44821 0.028041
0.448089 0.028041
0.447996 0.0278476
0.447889 0.0278476
0.447772 0.0278476
0.447665 0.0278476
0.447524 0.0278476
0.447388 0.0278476
0.447266 0.0278476
0.44712 0.0278476
0.447023 0.0278476
0.446917 0.0278476
0.44679 0.0278476
0.44666 0.0278476
0.446538 0.0278476
0.446444 0.0276542
0.446348 0.0276542
0.446229 0.0276542
0.44611 0.0276542
0.445993 0.0276542
0.445859 0.0276542
0.445735 0.0276542
0.44561 0.0276542
0.445496 0.0276542
0.445363 0.0276542
0.445242 0.0276542
0.445098 0.0276542
0.444977 0.0276542
0.444859 0.0276542
0.444712 0.0276542
0.444579 0.0276542
0.444475 0.0276542
0.444358 0.0276542
0.444237 0.0276542
0.444116 0.0276542
0.44402 0.0276542
0.443873 0.0276542
0.44375 0.0276542
0.443628 0.0276542
0.4435 0.0276542
0.44337 0.0276542
0.443241 0.0276542
0.443116 0.0276542
0.442978 0.0276542
0.442978 0.0274608
0.442867 0.0274608
0.442764 0.0274608
0.442638 0.0274608
0.442508 0.0274608
0.442382 0.0274608
0.442272 0.0274608
0.442168 0.0274608
0.442063 0.0274608
0.441921 0.0274608
0.441823 0.0274608
0.441691 0.0274608
0.441561 0.0274608
0.441449 0.0274608
0.441314 0.0274608
0.441196 0.0274608
0.441084 0.0274608
0.440954 0.0274608
0.440837 0.0274608
0.440732 0.0274608
0.440606 0.0274608
0.440473 0.0274608
0.440355 0.0274608
0.440254 0.0274608
0.44013 0.0274608
0.440026 0.0274608
0.439928 0.0274608
0.439813 0.0274608
0.4397 0.0274608
0.439611 0.0272675
0.439499 0.0272675
0.439366 0.0272675
0.439238 0.0272675
0.439092 0.0272675
0.438932 0.0272675
0.438814 0.0272675
0.438681 0.0272675
0.438546 0.0272675
0.438418 0.0272675
0.438291 0.0272675
0.438171 0.0272675
0.438048 0.0272675
0.437915 0.0272675
0.437787 0.0272675
0.437658 0.0272675
0.437553 0.0272675
0.437441 0.0272675
0.43734 0.0272675
0.43724 0.0272675
0.437124 0.0272675
0.437023 0.0272675
0.436893 0.0272675
0.436778 0.0272675
0.436639 0.0272675
0.43651 0.0272675
0.436378 0.0272675
0.43627 0.0272675
0.436139 0.0272675
0.436046 0.0270741
0.435914 0.0270741
0.435785 0.0270741
0.435656 0.0270741
0.435527 0.0270741
0.435393 0.0270741
0.435261 0.0270741
0.435114 0.0270741
0.435025 0.0268807
0.434885 0.0268807
0.434655 0.0268807
0.434509 0.0268807
0.434413 0.0266873
0.434275 0.0266873
0.434181 0.0264939
0.434058 0.0264939
0.433943 0.0264939
0.433826 0.0264939
0.4337 0.0264939
0.433572 0.0264939
0.433469 0.0264939
0.433355 0.0264939
0.433236 0.0264939
0.433124 0.0264939
0.43301 0.0264939
0.432874 0.0264939
0.432741 0.0264939
0.432629 0.0264939
0.432527 0.0264939
0.432416 0.0264939
0.432295 0.0264939
0.432172 0.0264939
0.432052 0.0264939
0.431931 0.0264939
0.431827 0.0264939
0.431718 0.0264939
0.43159 0.0264939
0.43149 0.0264939
0.431354 0.0264939
0.431243 0.0264939
0.431115 0.0264939
0.430976 0.0264939
0.430846 0.0264939
0.43074 0.0264939
0.430608 0.0264939
0.430479 0.0264939
0.430359 0.0264939
0.430255 0.0264939
0.430138 0.0264939
0.430019 0.0264939
0.429884 0.0264939
0.429743 0.0264939
0.429621 0.0264939
0.429492 0.0264939
0.429352 0.0264939
0.429215 0.0264939
0.429104 0.0264939
0.428982 0.0264939
0.428877 0.0264939
0.42876 0.0264939
0.428635 0.0264939
0.428505 0.0264939
0.428392 0.0264939
0.428268 0.0264939
0.428141 0.0264939
0.428012 0.0264939
0.427871 0.0264939
0.427771 0.0264939
0.42766 0.0264939
0.427531 0.0264939
0.427427 0.0264939
0.427288 0.0264939
0.427167 0.0264939
0.427028 0.0264939
0.426922 0.0264939
0.42681 0.0264939
0.426684 0.0264939
0.42657 0.0264939
0.426434 0.0264939
0.426301 0.0264939
0.426178 0.0264939
0.426067 0.0264939
0.425917 0.0264939
0.425767 0.0264939
0.425667 0.0264939
0.425544 0.0264939
0.425418 0.0264939
0.425311 0.0264939
0.425191 0.0264939
0.42508 0.0264939
0.424946 0.0264939
0.424823 0.0264939
0.424697 0.0264939
0.42458 0.0264939
0.424483 0.0264939
0.424377 0.0264939
0.424278 0.0264939
0.42415 0.0264939
0.424047 0.0264939
0.423935 0.0264939
0.423813 0.0264939
0.423714 0.0264939
0.423608 0.0264939
0.423485 0.0264939
0.423377 0.0264939
0.42324 0.0264939
0.423125 0.0264939
0.423016 0.0264939
0.422889 0.0264939
0.422765 0.0264939
0.422636 0.0264939
0.422537 0.0264939
0.422402 0.0264939
0.422276 0.0264939
0.422151 0.0264939
0.422013 0.0264939
0.421869 0.0264939
0.421745 0.0264939
0.421584 0.0264939
0.421477 0.0264939
0.421363 0.0264939
0.421252 0.0264939
0.421132 0.0264939
0.421004 0.0264939
0.420859 0.0264939
0.420738 0.0264939
0.420619 0.0264939
0.42048 0.0264939
0.420386 0.0263005
0.420264 0.0263005
0.420145 0.0263005
0.420015 0.0263005
0.419889 0.0263005
0.419773 0.0263005
0.419646 0.0263005
0.419528 0.0263005
0.419422 0.0263005
0.419276 0.0263005
0.419159 0.0263005
0.41903 0.0263005
0.418931 0.0263005
0.418799 0.0263005
0.418669 0.0263005
0.418524 0.0263005
0.418387 0.0263005
0.418278 0.0263005
0.418167 0.0263005
0.417922 0.0263005
0.417796 0.0263005
0.417673 0.0263005
0.417551 0.0263005
0.417443 0.0263005
0.417355 0.0261071
0.417238 0.0261071
0.417112 0.0261071
0.417018 0.0259137
0.416892 0.0259137
0.416748 0.0259137
0.416618 0.0259137
0.416474 0.0259137
0.416349 0.0259137
0.416229 0.0259137
0.416113 0.0259137
0.415997 0.0259137
0.415878 0.0259137
0.415757 0.0259137
0.415631 0.0259137
0.415531 0.0259137
0.415407 0.0259137
0.415273 0.0259137
0.415157 0.0259137
0.415035 0.0259137
0.414898 0.0259137
0.41478 0.0259137
0.414643 0.0259137
0.414546 0.0259137
0.41441 0.0259137
0.414298 0.0259137
0.414176 0.0259137
0.414046 0.0259137
0.413907 0.0259137
0.413783 0.0259137
0.413678 0.0259137
0.413552 0.0259137
0.413427 0.0259137
0.413304 0.0259137
0.413208 0.0257204
0.41307 0.0257204
0.412938 0.0257204
0.412815 0.0257204
0.412691 0.0257204
0.41259 0.0257204
0.412497 0.025527
0.412408 0.0253336
0.412279 0.0253336
0.41216 0.0253336
0.41203 0.0253336
0.411906 0.0253336
0.411784 0.0253336
0.411646 0.0253336
0.411526 0.0253336
0.411421 0.0253336
0.41132 0.0253336
0.411182 0.0253336
0.411038 0.0253336
0.410933 0.0253336
0.410808 0.0253336
0.410689 0.0253336
0.410564 0.0253336
0.410432 0.0253336
0.410321 0.0253336
0.410194 0.0253336
0.410059 0.0253336
0.409922 0.0253336
0.409799 0.0253336
0.409662 0.0253336
0.409529 0.0253336
0.409422 0.0253336
0.409313 0.0253336
0.409174 0.0253336
0.409068 0.0253336
0.408931 0.0253336
0.40881 0.0253336
0.40861 0.0253336
0.408497 0.0253336
0.408384 0.0253336
0.40824 0.0253336
0.408105 0.0253336
0.407972 0.0253336
0.407867 0.0253336
0.407738 0.0253336
0.407608 0.0253336
0.407492 0.0253336
0.407389 0.0253336
0.407248 0.0253336
0.407152 0.0251402
0.40703 0.0251402
0.406918 0.0251402
0.406794 0.0251402
0.406667 0.0251402
0.406551 0.0251402
0.406418 0.0251402
0.406173 0.0251402
0.406072 0.0251402
0.405951 0.0251402
0.40582 0.0251402
0.405699 0.0251402
0.405586 0.0251402
0.405477 0.0251402
0.405366 0.0251402
0.405222 0.0251402
0.405105 0.0251402
0.404994 0.0251402
0.404873 0.0251402
0.404745 0.0251402
0.404611 0.0251402
0.404467 0.0251402
0.404378 0.0249468
0.404276 0.0249468
0.40414 0.0249468
0.404018 0.0249468
0.40389 0.0249468
0.403749 0.0249468
0.403603 0.0249468
0.403482 0.0249468
0.403339 0.0249468
0.403205 0.0249468
0.403093 0.0249468
0.402982 0.0249468
0.402844 0.0249468
0.402726 0.0249468
0.402593 0.0249468
0.402463 0.0249468
0.402329 0.0249468
0.40222 0.0249468
0.402097 0.0249468
0.401975 0.0249468
0.401845 0.0249468
0.401705 0.0249468
0.401589 0.0249468
0.401473 0.0249468
0.401345 0.0249468
0.401134 0.0247534
0.401031 0.0247534
0.400906 0.0247534
0.400808 0.0247534
0.400704 0.0247534
0.400606 0.0247534
0.400482 0.0247534
0.400376 0.0247534
0.400262 0.0247534
0.400129 0.0247534
0.400004 0.0247534
0.399886 0.0247534
0.39977 0.0247534
0.399674 0.02456
0.399563 0.02456
0.399434 0.02456
0.399299 0.02456
0.399183 0.02456
0.399064 0.02456
0.398964 0.02456
0.398833 0.02456
0.398713 0.02456
0.3986 0.02456
0.398469 0.02456
0.398367 0.02456
0.398232 0.02456
0.398092 0.02456
0.397965 0.02456
0.397829 0.02456
0.397706 0.02456
0.397595 0.02456
0.39747 0.02456
0.397349 0.02456
0.397233 0.02456
0.397095 0.02456
0.396985 0.02456
0.396854 0.02456
0.396728 0.02456
0.396597 0.02456
0.396471 0.02456
0.396344 0.02456
0.396214 0.02456
0.396114 0.02456
0.396009 0.02456
0.395881 0.02456
0.395756 0.02456
0.39564 0.02456
0.395512 0.02456
0.395381 0.02456
0.395253 0.02456
0.395131 0.02456
0.395002 0.02456
0.394886 0.02456
0.394766 0.02456
0.394628 0.02456
0.394516 0.02456
0.394391 0.02456
0.394287 0.02456
0.394183 0.02456
0.394054 0.02456
0.393927 0.02456
0.393823 0.02456
0.393696 0.02456
0.393567 0.02456
0.393439 0.02456
0.393331 0.02456
0.393221 0.02456
0.393124 0.0243667
0.393012 0.0243667
0.392887 0.0243667
0.392745 0.0243667
0.392626 0.0243667
0.392509 0.0243667
0.3924 0.0243667
0.392282 0.0243667
0.392167 0.0243667
0.392056 0.0243667
0.391932 0.0243667
0.391802 0.0243667
0.39169 0.0243667
0.391583 0.0243667
0.391473 0.0243667
0.391348 0.0243667
0.391244 0.0243667
0.391117 0.0243667
0.390986 0.0243667
0.390864 0.0243667
0.390743 0.0243667
0.390621 0.0243667
0.390501 0.0243667
0.390373 0.0243667
0.390254 0.0243667
0.39014 0.0243667
0.39001 0.0243667
0.389905 0.0243667
0.389796 0.0243667
0.389684 0.0243667
0.389593 0.0241733
0.389467 0.0241733
0.389316 0.0241733
0.38918 0.0241733
0.389059 0.0241733
0.388927 0.0241733
0.388794 0.0241733
0.388687 0.0241733
0.388563 0.0241733
0.388449 0.0241733
0.388326 0.0241733
0.388202 0.0241733
0.388086 0.0241733
0.387962 0.0241733
0.387836 0.0241733
0.387693 0.0241733
0.38758 0.0241733
0.38747 0.0241733
0.387326 0.0241733
0.387206 0.0241733
0.387064 0.0241733
0.386942 0.0241733
0.386805 0.0241733
0.386689 0.0241733
0.386592 0.0241733
0.386477 0.0241733
0.386339 0.0241733
0.38621 0.0241733
0.386105 0.0241733
0.385986 0.0241733
0.385858 0.0241733
0.385737 0.0241733
0.385604 0.0241733
0.385487 0.0241733
0.385381 0.0241733
0.385254 0.0241733
0.38513 0.0241733
0.385001 0.0241733
0.384894 0.0241733
0.384762 0.0241733
0.384639 0.0241733
0.384542 0.0241733
0.384404 0.0241733
0.384269 0.0241733
0.384131 0.0241733
0.383989 0.0241733
0.383856 0.0241733
0.383743 0.0241733
0.383635 0.0241733
0.383523 0.0241733
0.383428 0.0239799
0.383295 0.0239799
0.383179 0.0239799
0.38306 0.0239799
0.382932 0.0239799
0.382826 0.0239799
0.382702 0.0239799
0.382572 0.0239799
0.382455 0.0239799
0.382341 0.0239799
0.382224 0.0239799
0.382107 0.0239799
0.381985 0.0239799
0.381864 0.0239799
0.381728 0.0239799
0.381613 0.0239799
0.381479 0.0239799
0.381373 0.0239799
0.381253 0.0239799
0.381138 0.0239799
0.381007 0.0239799
0.380882 0.0239799
0.380762 0.0239799
0.380658 0.0239799
0.380534 0.0239799
0.380411 0.0239799
0.380293 0.0239799
0.380156 0.0239799
0.380048 0.0239799
0.379938 0.0239799
0.379828 0.0239799
0.379728 0.0239799
0.379606 0.0239799
0.379476 0.0239799
0.379385 0.0237865
0.379264 0.0237865
0.379129 0.0237865
0.379029 0.0237865
0.378902 0.0237865
0.378801 0.0237865
0.378682 0.0237865
0.378548 0.0237865
0.378443 0.0237865
0.378335 0.0237865
0.378205 0.0237865
0.37808 0.0237865
0.37794 0.0237865
0.377818 0.0237865
0.377691 0.0237865
0.377578 0.0237865
0.377445 0.0237865
0.377332 0.0237865
0.377204 0.0237865
0.37707 0.0237865
0.376963 0.0237865
0.37686 0.0237865
0.37673 0.0237865
0.376599 0.0237865
0.376453 0.0237865
0.376335 0.0237865
0.376225 0.0237865
0.376133 0.0235931
0.376017 0.0235931
0.375893 0.0235931
0.375762 0.0235931
0.375648 0.0235931
0.375522 0.0235931
0.375399 0.0235931
0.375257 0.0235931
0.375151 0.0235931
0.375014 0.0235931
0.374878 0.0235931
0.374758 0.0235931
0.374645 0.0235931
0.374526 0.0235931
0.374403 0.0235931
0.374284 0.0235931
0.37414 0.0235931
0.374014 0.0235931
0.373898 0.0235931
0.373764 0.0235931
0.373628 0.0235931
0.373503 0.0235931
0.373396 0.0235931
0.373265 0.0235931
0.373119 0.0235931
0.372973 0.0235931
0.372846 0.0235931
0.372717 0.0235931
0.372604 0.0235931
0.372488 0.0235931
0.372374 0.0235931
0.372219 0.0235931
0.372091 0.0235931
0.371974 0.0235931
0.371861 0.0235931
0.37174 0.0235931
0.371625 0.0235931
0.371498 0.0235931
0.371384 0.0235931
0.371277 0.0235931
0.371176 0.0235931
0.371059 0.0235931
0.37094 0.0235931
0.370821 0.0235931
0.370698 0.0235931
0.370577 0.0235931
0.37046 0.0235931
0.370341 0.0235931
0.370211 0.0235931
0.370106 0.0235931
0.369958 0.0235931
0.36974 0.0235931
0.369635 0.0235931
0.369526 0.0235931
0.369401 0.0235931
0.369289 0.0235931
0.369189 0.0235931
0.369077 0.0235931
0.368948 0.0235931
0.368838 0.0235931
0.368728 0.0235931
0.368611 0.0235931
0.368511 0.0235931
0.368395 0.0235931
0.368304 0.0233997
0.368194 0.0233997
0.368074 0.0233997
0.367965 0.0233997
0.367835 0.0233997
0.367736 0.0233997
0.367624 0.0233997
0.367501 0.0233997
0.367375 0.0233997
0.367281 0.0232063
0.367182 0.0232063
0.367066 0.0232063
0.366958 0.0232063
0.366849 0.0232063
0.366604 0.0232063
0.366478 0.0232063
0.366345 0.0232063
0.366234 0.0232063
0.366114 0.0232063
0.366 0.0232063
0.365885 0.0232063
0.365801 0.023013
0.365688 0.023013
0.365558 0.023013
0.365465 0.0228196
0.365343 0.0228196
0.365211 0.0228196
0.365072 0.0228196
0.364942 0.0228196
0.364813 0.0228196
0.364713 0.0228196
0.364618 0.0226262
0.364508 0.0226262
0.364374 0.0226262
0.364256 0.0226262
0.364128 0.0226262
0.364023 0.0226262
0.363906 0.0226262
0.363782 0.0226262
0.363651 0.0226262
0.36353 0.0226262
0.363419 0.0226262
0.363301 0.0226262
0.363175 0.0226262
0.363053 0.0226262
0.36292 0.0226262
0.362813 0.0226262
0.36269 0.0226262
0.362582 0.0226262
0.362451 0.0226262
0.36234 0.0226262
0.362238 0.0226262
0.362104 0.0226262
0.361968 0.0226262
0.361835 0.0226262
0.361711 0.0226262
0.361573 0.0226262
0.361454 0.0226262
0.361331 0.0226262
0.361189 0.0226262
0.361073 0.0226262
0.360945 0.0226262
0.360834 0.0226262
0.360698 0.0226262
0.360567 0.0226262
0.360458 0.0226262
0.36032 0.0226262
0.360208 0.0226262
0.360109 0.0226262
0.360001 0.0226262
0.359892 0.0226262
0.359783 0.0226262
0.35968 0.0226262
0.359574 0.0226262
0.359442 0.0226262
0.359311 0.0226262
0.359174 0.0226262
0.359054 0.0226262
0.358937 0.0226262
0.358817 0.0226262
0.35869 0.0226262
0.358563 0.0226262
0.358441 0.0226262
0.358302 0.0226262
0.358169 0.0226262
0.358054 0.0226262
0.357937 0.0226262
0.357832 0.0226262
0.357708 0.0226262
0.357556 0.0226262
0.357435 0.0226262
0.357304 0.0226262
0.35719 0.0226262
0.357068 0.0226262
0.356952 0.0226262
0.356812 0.0226262
0.356709 0.0226262
0.356568 0.0226262
0.35632 0.0226262
0.356186 0.0226262
0.35607 0.0226262
0.35595 0.0226262
0.355842 0.0226262
0.35571 0.0226262
0.355597 0.0226262
0.355481 0.0226262
0.355363 0.0226262
0.355252 0.0226262
0.355146 0.0226262
0.355041 0.0226262
0.354937 0.0226262
0.354807 0.0226262
0.354681 0.0226262
0.354563 0.0226262
0.354451 0.0226262
0.354331 0.0226262
0.3542 0.0226262
0.354074 0.0226262
0.353943 0.0226262
0.353828 0.0226262
0.353707 0.0226262
0.353587 0.0226262
0.353448 0.0226262
0.353352 0.0224328
0.353238 0.0224328
0.353108 0.0224328
0.352999 0.0224328
0.352883 0.0224328
0.35276 0.0224328
0.352636 0.0224328
0.352534 0.0224328
0.352406 0.0224328
0.352284 0.0224328
0.352161 0.0224328
0.352064 0.0224328
0.35193 0.0224328
0.351824 0.0224328
0.351717 0.0224328
0.351582 0.0224328
0.351473 0.0224328
0.351348 0.0224328
0.351226 0.0224328
0.35113 0.0222394
0.35101 0.0222394
0.350896 0.0222394
0.350773 0.0222394
0.350637 0.0222394
0.350503 0.0222394
0.350383 0.0222394
0.350246 0.0222394
0.350116 0.0222394
0.349994 0.0222394
0.349879 0.0222394
0.349769 0.0222394
0.34964 0.0222394
0.34952 0.0222394
0.34938 0.0222394
0.349278 0.0222394
0.349145 0.0222394
0.349012 0.0222394
0.348888 0.0222394
0.348782 0.0222394
0.348652 0.0222394
0.348541 0.0222394
0.348425 0.0222394
0.34829 0.0222394
0.34817 0.0222394
0.347944 0.0222394
0.347832 0.0222394
0.347736 0.022046
0.347626 0.022046
0.347494 0.022046
0.347375 0.022046
0.347241 0.022046
0.347117 0.022046
0.346993 0.022046
0.346894 0.022046
0.346768 0.022046
0.346628 0.022046
0.346501 0.022046
0.346368 0.022046
0.346239 0.022046
0.3461 0.022046
0.345971 0.022046
0.345871 0.022046
0.345736 0.022046
0.345604 0.022046
0.345484 0.022046
0.345368 0.022046
0.345238 0.022046
0.345107 0.022046
0.344966 0.022046
0.344825 0.022046
0.344716 0.022046
0.344611 0.022046
0.344485 0.022046
0.344371 0.022046
0.344267 0.022046
0.344136 0.022046
0.344035 0.022046
0.343899 0.022046
0.343768 0.022046
0.343643 0.022046
0.34351 0.022046
0.343388 0.022046
0.34326 0.022046
0.343145 0.022046
0.343042 0.022046
0.342914 0.022046
0.3428 0.022046
0.342683 0.022046
0.34256 0.022046
0.342459 0.022046
0.342342 0.022046
0.342202 0.022046
0.342101 0.022046
0.34196 0.022046
0.34183 0.022046
0.341714 0.022046
0.341596 0.022046
0.341465 0.022046
0.341347 0.022046
0.341215 0.022046
0.341086 0.022046
0.340969 0.022046
0.340871 0.022046
0.340747 0.022046
0.34062 0.022046
0.340481 0.022046
0.340369 0.022046
0.340267 0.022046
0.340155 0.022046
0.340035 0.022046
0.339923 0.022046
0.339822 0.022046
0.339701 0.022046
0.339582 0.022046
0.339444 0.022046
0.339341 0.022046
0.339225 0.022046
0.339099 0.022046
0.338982 0.022046
0.338847 0.022046
0.338721 0.022046
0.338582 0.022046
0.338454 0.022046
0.338323 0.022046
0.338216 0.022046
0.337992 0.022046
0.337871 0.022046
0.337734 0.022046
0.337599 0.022046
0.337468 0.022046
0.337332 0.022046
0.337225 0.022046
0.33709 0.022046
0.336963 0.022046
0.33685 0.022046
0.336714 0.022046
0.336617 0.022046
0.336531 0.0218526
0.33641 0.0218526
0.336284 0.0218526
0.336177 0.0218526
0.336055 0.0218526
0.335911 0.0218526
0.335791 0.0218526
0.335664 0.0218526
0.335578 0.0216593
0.335439 0.0216593
0.335337 0.0216593
0.335217 0.0216593
0.335089 0.0216593
0.334967 0.0216593
0.334839 0.0216593
0.334714 0.0216593
0.334596 0.0216593
0.33446 0.0216593
0.334344 0.0216593
0.334229 0.0216593
0.33414 0.0214659
0.334018 0.0214659
0.333889 0.0214659
0.333781 0.0214659
0.333659 0.0214659
0.333543 0.0214659
0.333413 0.0214659
0.333299 0.0214659
0.333168 0.0214659
0.333061 0.0214659
0.332937 0.0214659
0.332821 0.0214659
0.332709 0.0214659
0.332575 0.0214659
0.33244 0.0214659
0.332328 0.0214659
0.332206 0.0214659
0.332089 0.0214659
0.331963 0.0214659
0.331856 0.0214659
0.331739 0.0214659
0.331465 0.0214659
0.331335 0.0214659
0.331204 0.0214659
0.331087 0.0214659
0.330963 0.0214659
0.330844 0.0214659
0.330714 0.0214659
0.330594 0.0214659
0.330494 0.0214659
0.33039 0.0214659
0.330283 0.0214659
0.330185 0.0214659
0.330083 0.0214659
0.329972 0.0214659
0.329861 0.0214659
0.329731 0.0214659
0.329599 0.0214659
0.329491 0.0214659
0.329386 0.0214659
0.329283 0.0214659
0.329152 0.0214659
0.329027 0.0214659
0.3289 0.0214659
0.328783 0.0214659
0.328656 0.0214659
0.328546 0.0214659
0.328435 0.0214659
0.328336 0.0214659
0.328199 0.0214659
0.3281 0.0214659
0.327983 0.0214659
0.327868 0.0214659
0.327741 0.0214659
0.32762 0.0214659
0.327492 0.0214659
0.327363 0.0214659
0.327232 0.0214659
0.3271 0.0214659
0.326987 0.0214659
0.32687 0.0214659
0.326764 0.0214659
0.326662 0.0214659
0.326533 0.0214659
0.32639 0.0214659
0.326281 0.0214659
0.326176 0.0214659
0.326045 0.0214659
0.325919 0.0214659
0.325782 0.0214659
0.325682 0.0214659
0.325562 0.0214659
0.325446 0.0214659
0.325344 0.0214659
0.325209 0.0214659
0.325092 0.0214659
0.324971 0.0214659
0.324839 0.0214659
0.324727 0.0214659
0.324635 0.0212725
0.324522 0.0212725
0.324403 0.0212725
0.324263 0.0212725
0.324137 0.0212725
0.324046 0.0210791
0.323946 0.0210791
0.323825 0.0210791
0.323682 0.0210791
0.323565 0.0210791
0.323451 0.0210791
0.323308 0.0210791
0.323185 0.0210791
0.323071 0.0210791
0.322935 0.0210791
0.322823 0.0210791
0.322713 0.0210791
0.322596 0.0210791
0.322483 0.0210791
0.322374 0.0210791
0.322247 0.0210791
0.32213 0.0210791
0.321992 0.0210791
0.32189 0.0210791
0.32175 0.0210791
0.321624 0.0210791
0.321508 0.0210791
0.321399 0.0210791
0.321275 0.0210791
0.32116 0.0210791
0.321023 0.0210791
0.320892 0.0210791
0.320641 0.0210791
0.320516 0.0210791
0.320383 0.0210791
0.320278 0.0210791
0.32016 0.0210791
0.32003 0.0210791
0.319927 0.0210791
0.319819 0.0210791
0.319686 0.0210791
0.319578 0.0210791
0.319443 0.0210791
0.319314 0.0210791
0.319174 0.0210791
0.319044 0.0210791
0.318924 0.0210791
0.318801 0.0210791
0.318682 0.0210791
0.318541 0.0210791
0.318435 0.0210791
0.318307 0.0210791
0.318076 0.0210791
0.317951 0.0210791
0.317858 0.0208857
0.317738 0.0208857
0.317629 0.0208857
0.317503 0.0208857
0.317383 0.0208857
0.317275 0.0208857
0.317156 0.0208857
0.317033 0.0208857
0.316894 0.0208857
0.316782 0.0208857
0.316681 0.0208857
0.316541 0.0208857
0.316444 0.0208857
0.316318 0.0208857
0.316201 0.0208857
0.316077 0.0208857
0.315964 0.0208857
0.315831 0.0208857
0.315714 0.0208857
0.315587 0.0208857
0.315489 0.0208857
0.315352 0.0208857
0.31523 0.0208857
0.315105 0.0208857
0.314969 0.0208857
0.314867 0.0208857
0.314728 0.0208857
0.314597 0.0208857
0.314461 0.0208857
0.314347 0.0208857
0.314236 0.0208857
0.314117 0.0208857
0.314018 0.0208857
0.313901 0.0208857
0.31377 0.0208857
0.313646 0.0208857
0.313534 0.0208857
0.313419 0.0208857
0.313295 0.0208857
0.313164 0.0208857
0.313048 0.0208857
0.312919 0.0208857
0.312803 0.0208857
0.312672 0.0208857
0.312557 0.0208857
0.312432 0.0208857
0.312317 0.0208857
0.312192 0.0208857
0.312094 0.0208857
0.311985 0.0208857
0.311885 0.0208857
0.311749 0.0208857
0.311619 0.0208857
0.311521 0.0208857
0.311397 0.0208857
0.311288 0.0208857
0.31116 0.0208857
0.311036 0.0208857
0.310927 0.0208857
0.31079 0.0208857
0.310696 0.0206923
0.31059 0.0206923
0.310477 0.0206923
0.310346 0.0206923
0.310227 0.0206923
0.310093 0.0206923
0.309956 0.0206923
0.309832 0.0206923
0.309706 0.0206923
0.30958 0.0206923
0.309451 0.0206923
0.309338 0.0206923
0.309211 0.0206923
0.309073 0.0206923
0.308953 0.0206923
0.308812 0.0206923
0.30868 0.0206923
0.30854 0.0206923
0.308409 0.0206923
0.308284 0.0206923
0.308158 0.0206923
0.308052 0.0206923
0.307917 0.0206923
0.307777 0.0206923
0.307667 0.0206923
0.307561 0.0206923
0.307458 0.0206923
0.307324 0.0206923
0.30721 0.0206923
0.307088 0.0206923
0.306964 0.0206923
0.306839 0.0206923
0.306726 0.0206923
0.30659 0.0206923
0.306455 0.0206923
0.306325 0.0206923
0.306195 0.0206923
0.305951 0.0206923
0.305836 0.0206923
0.305709 0.0206923
0.305605 0.0206923
0.305481 0.0206923
0.305359 0.0206923
0.305252 0.0206923
0.305001 0.0206923
0.304877 0.0206923
0.304747 0.0206923
0.304632 0.0206923
0.304523 0.0206923
0.304384 0.0206923
0.304104 0.0206923
0.303982 0.0206923
0.303869 0.0206923
0.303744 0.0206923
0.303638 0.0206923
0.30351 0.0206923
0.303409 0.0206923
0.303272 0.0206923
0.303126 0.0206923
0.302995 0.0206923
0.302859 0.0206923
0.302734 0.0206923
0.302616 0.0206923
0.302501 0.0206923
0.302362 0.0206923
0.302251 0.0206923
0.302132 0.0206923
0.302028 0.0206923
0.301902 0.0206923
0.301787 0.0206923
0.301665 0.0206923
0.301532 0.0206923
0.30143 0.0206923
0.301292 0.0206923
0.301169 0.0206923
0.301031 0.0206923
0.300901 0.0206923
0.300779 0.0206923
0.300531 0.0206923
0.300405 0.0206923
0.300266 0.0206923
0.300146 0.0206923
0.300046 0.0206923
0.299926 0.0206923
0.299798 0.0206923
0.299702 0.0204989
0.299611 0.0203056
0.299483 0.0203056
0.299386 0.0203056
0.299257 0.0203056
0.29914 0.0203056
0.299014 0.0203056
0.298869 0.0203056
0.29875 0.0203056
0.29861 0.0203056
0.298488 0.0203056
0.298347 0.0203056
0.298208 0.0203056
0.298072 0.0203056
0.297926 0.0203056
0.297837 0.0201122
0.297731 0.0201122
0.297625 0.0201122
0.297524 0.0201122
0.297375 0.0201122
0.297247 0.0201122
0.297126 0.0201122
0.297011 0.0201122
0.296869 0.0201122
0.296758 0.0201122
0.296632 0.0201122
0.296529 0.0201122
0.296433 0.0199188
0.296297 0.0199188
0.296191 0.0199188
0.296077 0.0199188
0.295959 0.0199188
0.295846 0.0199188
0.295736 0.0199188
0.295636 0.0199188
0.295526 0.0199188
0.295393 0.0199188
0.295286 0.0199188
0.295143 0.0199188
0.295006 0.0199188
0.294884 0.0199188
0.294733 0.0199188
0.294604 0.0199188
0.294469 0.0199188
0.294363 0.0199188
0.294254 0.0199188
0.294113 0.0199188
0.293976 0.0199188
0.29384 0.0199188
0.29375 0.0197254
0.293628 0.0197254
0.293499 0.0197254
0.293374 0.0197254
0.293247 0.0197254
0.293115 0.0197254
0.292995 0.0197254
0.292884 0.0197254
0.292756 0.0197254
0.292626 0.0197254
0.292497 0.0197254
0.292388 0.0197254
0.292284 0.0197254
0.292162 0.0197254
0.292045 0.0197254
0.291923 0.0197254
0.291778 0.0197254
0.291665 0.0197254
0.291538 0.0197254
0.291412 0.0197254
0.291288 0.0197254
0.291154 0.0197254
0.291025 0.0197254
0.290913 0.0197254
0.290778 0.0197254
0.290651 0.0197254
0.290515 0.0197254
0.290398 0.0197254
0.290269 0.0197254
0.290147 0.0197254
0.290021 0.0197254
0.289921 0.0197254
0.289795 0.0197254
0.28967 0.0197254
0.289544 0.0197254
0.289437 0.0197254
0.289334 0.0197254
0.289216 0.0197254
0.289216 0.019532
0.289095 0.019532
0.288965 0.019532
0.288852 0.019532
0.288723 0.019532
0.288597 0.019532
0.288482 0.019532
0.288351 0.019532
0.288257 0.0193386
0.288141 0.0193386
0.287988 0.0193386
0.28787 0.0193386
0.287755 0.0193386
0.287632 0.0193386
0.287509 0.0193386
0.287387 0.0193386
0.287255 0.0193386
0.287121 0.0193386
0.286982 0.0193386
0.286839 0.0193386
0.286693 0.0193386
0.286575 0.0193386
0.286452 0.0193386
0.286337 0.0193386
0.286207 0.0193386
0.286087 0.0193386
0.285943 0.0193386
0.285817 0.0193386
0.285694 0.0193386
0.285572 0.0193386
0.285471 0.0193386
0.285339 0.0193386
0.285225 0.0193386
0.285111 0.0193386
0.284997 0.0193386
0.284876 0.0193386
0.284758 0.0193386
0.284648 0.0193386
0.284527 0.0193386
0.284424 0.0193386
0.28429 0.0193386
0.284156 0.0193386
0.284046 0.0193386
0.283932 0.0193386
0.283795 0.0193386
0.283675 0.0193386
0.283571 0.0193386
0.283454 0.0193386
0.283356 0.0193386
0.283216 0.0193386
0.283119 0.0193386
0.283019 0.0193386
0.282891 0.0193386
0.282786 0.0193386
0.282673 0.0193386
0.282541 0.0193386
0.28244 0.0193386
0.28232 0.0193386
0.282193 0.0193386
0.282063 0.0193386
0.281945 0.0193386
0.281818 0.0193386
0.281689 0.0193386
0.281575 0.0193386
0.281443 0.0193386
0.281332 0.0193386
0.281233 0.0193386
0.28111 0.0193386
0.280999 0.0193386
0.280889 0.0193386
0.280771 0.0193386
0.280658 0.0193386
0.280528 0.0193386
0.280421 0.0193386
0.280311 0.0193386
0.280188 0.0193386
0.280077 0.0193386
0.279957 0.0193386
0.279862 0.0191452
0.279736 0.0191452
0.279623 0.0191452
0.279505 0.0191452
0.279383 0.0191452
0.279263 0.0191452
0.279141 0.0191452
0.279034 0.0191452
0.27891 0.0191452
0.278815 0.0189518
0.278683 0.0189518
0.278549 0.0189518
0.278423 0.0189518
0.278312 0.0189518
0.278177 0.0189518
0.278035 0.0189518
0.277911 0.0189518
0.27778 0.0189518
0.277651 0.0189518
0.277552 0.0189518
0.277423 0.0189518
0.277277 0.0189518
0.277155 0.0189518
0.27704 0.0189518
0.276917 0.0189518
0.27679 0.0189518
0.276661 0.0189518
0.276536 0.0189518
0.276428 0.0189518
0.276298 0.0189518
0.276162 0.0189518
0.276037 0.0189518
0.275904 0.0189518
0.275768 0.0189518
0.275655 0.0189518
0.27539 0.0189518
0.275234 0.0189518
0.2751 0.0189518
0.274965 0.0189518
0.274854 0.0189518
0.274751 0.0189518
0.274631 0.0189518
0.274512 0.0189518
0.274374 0.0189518
0.274279 0.0187585
0.274145 0.0187585
0.274025 0.0187585
0.273911 0.0187585
0.2738 0.0187585
0.273686 0.0187585
0.273544 0.0187585
0.273415 0.0187585
0.273309 0.0187585
0.2732 0.0187585
0.273089 0.0187585
0.272955 0.0187585
0.272825 0.0187585
0.2727 0.0187585
0.2726 0.0187585
0.272485 0.0187585
0.272362 0.0187585
0.272232 0.0187585
0.272133 0.0187585
0.271993 0.0187585
0.27187 0.0187585
0.271756 0.0187585
0.271635 0.0187585
0.271499 0.0187585
0.271381 0.0187585
0.271252 0.0187585
0.271123 0.0187585
0.271009 0.0187585
0.270873 0.0187585
0.270757 0.0187585
0.270644 0.0187585
0.27053 0.0187585
0.270414 0.0187585
0.270306 0.0187585
0.270171 0.0187585
0.270085 0.0185651
0.269947 0.0185651
0.269825 0.0185651
0.269696 0.0185651
0.269573 0.0185651
0.269438 0.0185651
0.269313 0.0185651
0.269211 0.0185651
0.26909 0.0185651
0.268965 0.0185651
0.26884 0.0185651
0.268717 0.0185651
0.268591 0.0185651
0.268468 0.0185651
0.268374 0.0183717
0.26824 0.0183717
0.268118 0.0183717
0.267998 0.0183717
0.26786 0.0183717
0.267744 0.0183717
0.267646 0.0183717
0.267531 0.0183717
0.2674 0.0183717
0.267282 0.0183717
0.267184 0.0183717
0.267053 0.0183717
0.266919 0.0183717
0.266837 0.0181783
0.266721 0.0181783
0.266595 0.0181783
0.266477 0.0181783
0.266365 0.0181783
0.26623 0.0181783
0.266121 0.0181783
0.266002 0.0181783
0.265883 0.0181783
0.26577 0.0181783
0.265657 0.0181783
0.265533 0.0181783
0.265428 0.0181783
0.265316 0.0181783
0.26522 0.0179849
0.265094 0.0179849
0.264964 0.0179849
0.264832 0.0179849
0.264735 0.0177915
0.264616 0.0177915
0.264499 0.0177915
0.264356 0.0177915
0.26423 0.0177915
0.264119 0.0177915
0.264004 0.0177915
0.263881 0.0177915
0.263767 0.0177915
0.263637 0.0177915
0.263529 0.0177915
0.26341 0.0177915
0.263318 0.0175981
0.263196 0.0175981
0.263065 0.0175981
0.262939 0.0175981
0.262841 0.0175981
0.262739 0.0175981
0.262613 0.0175981
0.262486 0.0175981
0.262349 0.0175981
0.262236 0.0175981
0.262144 0.0174048
0.262006 0.0174048
0.261869 0.0174048
0.26176 0.0174048
0.261624 0.0174048
0.2615 0.0174048
0.261388 0.0174048
0.261257 0.0174048
0.261146 0.0174048
0.261011 0.0174048
0.260891 0.0174048
0.260768 0.0174048
0.26063 0.0174048
0.260509 0.0174048
0.260417 0.0172114
0.260302 0.0172114
0.260187 0.0172114
0.260057 0.0172114
0.259921 0.0172114
0.259793 0.0172114
0.259663 0.0172114
0.259544 0.0172114
0.259431 0.0172114
0.259304 0.0172114
0.259189 0.0172114
0.259072 0.0172114
0.258957 0.0172114
0.258827 0.0172114
0.258702 0.0172114
0.258577 0.0172114
0.258437 0.0172114
0.258331 0.0172114
0.258189 0.0172114
0.258059 0.0172114
0.25796 0.0172114
0.257841 0.0172114
0.257715 0.0172114
0.257591 0.0172114
0.257475 0.0172114
0.257343 0.0172114
0.257224 0.0172114
0.25708 0.0172114
0.256951 0.0172114
0.256836 0.0172114
0.256716 0.0172114
0.256583 0.0172114
0.256493 0.017018
0.256362 0.017018
0.256225 0.017018
0.256101 0.017018
0.255956 0.017018
0.255828 0.017018
0.25571 0.017018
0.255589 0.017018
0.255475 0.017018
0.255359 0.017018
0.255237 0.017018
0.255104 0.017018
0.254991 0.017018
0.254891 0.017018
0.254769 0.017018
0.254668 0.017018
0.254547 0.017018
0.254433 0.017018
0.254323 0.017018
0.254204 0.017018
0.25407 0.017018
0.253943 0.017018
0.253832 0.017018
0.253713 0.017018
0.253594 0.017018
0.253469 0.017018
0.253346 0.017018
0.253237 0.017018
0.253126 0.017018
0.253014 0.017018
0.252912 0.017018
0.252794 0.017018
0.252673 0.017018
0.252542 0.017018
0.252432 0.017018
0.252309 0.017018
0.252175 0.017018
0.252035 0.017018
0.25193 0.017018
0.251788 0.017018
0.251662 0.017018
0.251538 0.017018
0.251436 0.017018
0.251306 0.017018
0.251205 0.017018
0.251076 0.017018
0.250965 0.017018
0.250849 0.017018
0.250737 0.017018
0.250608 0.017018
0.250489 0.017018
0.250347 0.017018
0.250251 0.0168246
0.250128 0.0168246
0.250019 0.0168246
0.249892 0.0168246
0.24978 0.0168246
0.249666 0.0168246
0.24953 0.0168246
0.249432 0.0168246
0.249316 0.0168246
0.249207 0.0168246
0.249083 0.0168246
0.248977 0.0168246
0.248843 0.0168246
0.248718 0.0168246
0.248572 0.0168246
0.248463 0.0168246
0.248337 0.0168246
0.248199 0.0168246
0.248085 0.0168246
0.24796 0.0168246
0.247869 0.0166312
0.24774 0.0166312
0.247614 0.0166312
0.247507 0.0166312
0.247382 0.0166312
0.247276 0.0166312
0.247144 0.0166312
0.247015 0.0166312
0.246886 0.0166312
0.246778 0.0166312
0.246651 0.0166312
0.246531 0.0166312
0.246414 0.0166312
0.246276 0.0166312
0.246144 0.0166312
0.24603 0.0166312
0.245911 0.0166312
0.245797 0.0166312
0.245671 0.0166312
0.245544 0.0166312
0.245418 0.0166312
0.245293 0.0166312
0.245205 0.0164378
0.245087 0.0164378
0.244972 0.0164378
0.244865 0.0164378
0.244736 0.0164378
0.244615 0.0164378
0.244511 0.0164378
0.244397 0.0164378
0.244275 0.0164378
0.244166 0.0164378
0.244032 0.0164378
0.243902 0.0164378
0.24377 0.0164378
0.243648 0.0164378
0.243539 0.0164378
0.243434 0.0164378
0.243293 0.0164378
0.243184 0.0164378
0.243063 0.0164378
0.242932 0.0164378
0.242819 0.0164378
0.242694 0.0164378
0.242595 0.0164378
0.242482 0.0164378
0.242346 0.0164378
0.242229 0.0164378
0.24212 0.0164378
0.241987 0.0164378
0.241882 0.0164378
0.241788 0.0162444
0.241661 0.0162444
0.241543 0.0162444
0.241432 0.0162444
0.24132 0.0162444
0.24119 0.0162444
0.241042 0.0162444
0.240943 0.0162444
0.240847 0.0160511
0.240727 0.0160511
0.24061 0.0160511
0.240489 0.0160511
0.240372 0.0160511
0.240248 0.0160511
0.240136 0.0160511
0.240011 0.0160511
0.239878 0.0160511
0.239749 0.0160511
0.239625 0.0160511
0.239497 0.0160511
0.239381 0.0160511
0.239262 0.0160511
0.239127 0.0160511
0.238994 0.0160511
0.238893 0.0160511
0.238765 0.0160511
0.23864 0.0160511
0.238512 0.0160511
0.238395 0.0160511
0.238297 0.0160511
0.238175 0.0160511
0.238053 0.0160511
0.237927 0.0160511
0.237799 0.0160511
0.237699 0.0160511
0.237573 0.0160511
0.237475 0.0160511
0.237357 0.0160511
0.237238 0.0160511
0.237115 0.0160511
0.237016 0.0160511
0.236901 0.0160511
0.236778 0.0160511
0.236671 0.0160511
0.23656 0.0160511
0.236454 0.0160511
0.236325 0.0160511
0.236234 0.0158577
0.236131 0.0158577
0.23602 0.0158577
0.2359 0.0158577
0.235802 0.0158577
0.235695 0.0158577
0.23556 0.0158577
0.235428 0.0158577
0.235292 0.0158577
0.235162 0.0158577
0.235047 0.0158577
0.234935 0.0158577
0.23483 0.0158577
0.234708 0.0158577
0.234594 0.0158577
0.234449 0.0158577
0.234329 0.0158577
0.234218 0.0158577
0.234107 0.0158577
0.234002 0.0158577
0.233884 0.0158577
0.233786 0.0158577
0.233682 0.0158577
0.233558 0.0158577
0.233451 0.0158577
0.233336 0.0158577
0.233205 0.0158577
0.233084 0.0158577
0.232948 0.0158577
0.232833 0.0158577
0.232723 0.0158577
0.232597 0.0158577
0.232469 0.0158577
0.232366 0.0158577
0.232251 0.0158577
0.232127 0.0158577
0.232027 0.0158577
0.231904 0.0158577
0.231775 0.0158577
0.231661 0.0158577
0.231548 0.0158577
0.231428 0.0158577
0.231313 0.0158577
0.231184 0.0158577
0.231075 0.0158577
0.230958 0.0158577
0.230869 0.0156643
0.230745 0.0156643
0.230646 0.0156643
0.230519 0.0156643
0.230378 0.0156643
0.230234 0.0156643
0.230122 0.0156643
0.230002 0.0156643
0.229894 0.0156643
0.229769 0.0156643
0.229638 0.0156643
0.229528 0.0156643
0.229411 0.0156643
0.229286 0.0156643
0.229141 0.0156643
0.229018 0.0156643
0.228887 0.0156643
0.228784 0.0156643
0.228696 0.0154709
0.228568 0.0154709
0.228436 0.0154709
0.228312 0.0154709
0.228192 0.0154709
0.228063 0.0154709
0.227943 0.0154709
0.227809 0.0154709
0.227688 0.0154709
0.227581 0.0154709
0.227463 0.0154709
0.227323 0.0154709
0.227214 0.0154709
0.227088 0.0154709
0.226973 0.0154709
0.226852 0.0154709
0.226729 0.0154709
0.226597 0.0154709
0.2265 0.0154709
0.226388 0.0154709
0.226261 0.0154709
0.226177 0.0152775
0.226073 0.0152775
0.225962 0.0152775
0.225841 0.0152775
0.225712 0.0152775
0.225584 0.0152775
0.225456 0.0152775
0.225329 0.0152775
0.225213 0.0152775
0.225085 0.0152775
0.224966 0.0152775
0.224867 0.0152775
0.224753 0.0152775
0.224623 0.0152775
0.224514 0.0152775
0.2244 0.0152775
0.224286 0.0152775
0.224151 0.0152775
0.224025 0.0152775
0.223932 0.0150841
0.223804 0.0150841
0.223677 0.0150841
0.223555 0.0150841
0.22344 0.0150841
0.223295 0.0150841
0.223179 0.0150841
0.22305 0.0150841
0.222934 0.0150841
0.222798 0.0150841
0.222664 0.0150841
0.222562 0.0150841
0.222438 0.0150841
0.222319 0.0150841
0.222206 0.0150841
0.222079 0.0150841
0.22195 0.0150841
0.221826 0.0150841
0.221715 0.0150841
0.221598 0.0150841
0.221463 0.0150841
0.22132 0.0150841
0.221099 0.0148907
0.220982 0.0148907
0.220891 0.0146974
0.220775 0.0146974
0.220651 0.0146974
0.220518 0.0146974
0.220391 0.0146974
0.220249 0.0146974
0.220133 0.0146974
0.220028 0.0146974
0.219911 0.0146974
0.219776 0.0146974
0.219664 0.0146974
0.219515 0.0146974
0.219375 0.0146974
0.219272 0.0146974
0.219179 0.014504
0.219065 0.014504
0.21895 0.014504
0.218825 0.014504
0.218692 0.014504
0.218574 0.014504
0.218438 0.014504
0.218345 0.0143106
0.218224 0.0143106
0.217973 0.0143106
0.217865 0.0143106
0.217748 0.0143106
0.21763 0.0143106
0.217523 0.0143106
0.217389 0.0143106
0.217287 0.0143106
0.217169 0.0143106
0.217054 0.0143106
0.216943 0.0143106
0.21683 0.0143106
0.216693 0.0143106
0.216559 0.0143106
0.216431 0.0143106
0.21632 0.0143106
0.216193 0.0143106
0.216068 0.0143106
0.215958 0.0143106
0.215851 0.0143106
0.215719 0.0143106
0.215592 0.0143106
0.215467 0.0143106
0.215344 0.0143106
0.215221 0.0143106
0.215087 0.0143106
0.214961 0.0143106
0.214827 0.0143106
0.214714 0.0143106
0.214611 0.0143106
0.214488 0.0143106
0.214359 0.0143106
0.214224 0.0143106
0.214091 0.0143106
0.213971 0.0143106
0.213835 0.0143106
0.213726 0.0143106
0.21359 0.0143106
0.213467 0.0143106
0.21334 0.0143106
0.213223 0.0143106
0.213092 0.0143106
0.212973 0.0143106
0.212858 0.0143106
0.212723 0.0143106
0.212612 0.0143106
0.212497 0.0143106
0.21237 0.0143106
0.212271 0.0143106
0.212161 0.0143106
0.212043 0.0143106
0.211923 0.0143106
0.211792 0.0143106
0.21165 0.0143106
0.211516 0.0143106
0.21139 0.0143106
0.211268 0.0143106
0.211154 0.0143106
0.211041 0.0143106
0.210919 0.0143106
0.210812 0.0143106
0.21072 0.0141172
0.210606 0.0141172
0.210474 0.0141172
0.210353 0.0141172
0.210211 0.0141172
0.21009 0.0141172
0.209963 0.0141172
0.209852 0.0141172
0.20973 0.0141172
0.209631 0.0141172
0.209517 0.0141172
0.209394 0.0141172
0.209302 0.0139238
0.209192 0.0139238
0.209066 0.0139238
0.208975 0.0137304
0.208829 0.0137304
0.208701 0.0137304
0.208579 0.0137304
0.208452 0.0137304
0.208311 0.0137304
0.208186 0.0137304
0.208054 0.0137304
0.207958 0.013537
0.207836 0.013537
0.207707 0.013537
0.207596 0.013537
0.20747 0.013537
0.207326 0.013537
0.207202 0.013537
0.207079 0.013537
0.206953 0.013537
0.206838 0.013537
0.206716 0.013537
0.206594 0.013537
0.206451 0.013537
0.206326 0.013537
0.206226 0.013537
0.206098 0.013537
0.205966 0.013537
0.205848 0.013537
0.205732 0.013537
0.205605 0.013537
0.205509 0.0133436
0.20539 0.0133436
0.205267 0.0133436
0.20515 0.0133436
0.205041 0.0133436
0.204942 0.0133436
0.204812 0.0133436
0.20469 0.0133436
0.20456 0.0133436
0.20441 0.0133436
0.204286 0.0133436
0.204161 0.0133436
0.204058 0.0133436
0.203947 0.0133436
0.203829 0.0133436
0.203719 0.0133436
0.203599 0.0133436
0.203473 0.0133436
0.203357 0.0133436
0.203227 0.0133436
0.203095 0.0133436
0.202963 0.0133436
0.202843 0.0133436
0.202718 0.0133436
0.202586 0.0133436
0.20245 0.0133436
0.202309 0.0133436
0.2022 0.0133436
0.202069 0.0133436
0.201935 0.0133436
0.20181 0.0133436
0.201725 0.0131503
0.201592 0.0131503
0.201468 0.0131503
0.201357 0.0131503
0.201252 0.0131503
0.201145 0.0131503
0.201011 0.0131503
0.200884 0.0131503
0.200783 0.0131503
0.200672 0.0131503
0.200538 0.0131503
0.200409 0.0131503
0.200286 0.0131503
0.200172 0.0131503
0.200047 0.0131503
0.199923 0.0131503
0.199797 0.0131503
0.199679 0.0131503
0.199543 0.0131503
0.199428 0.0131503
0.199307 0.0131503
0.199199 0.0131503
0.199065 0.0131503
0.198947 0.0131503
0.198825 0.0131503
0.198705 0.0131503
0.198577 0.0131503
0.198477 0.0131503
0.198376 0.0131503
0.198241 0.0131503
0.198111 0.0131503
0.198002 0.0131503
0.197884 0.0131503
0.197757 0.0131503
0.197622 0.0131503
0.197515 0.0131503
0.197402 0.0131503
0.197294 0.0131503
0.19717 0.0131503
0.197057 0.0131503
0.196942 0.0131503
0.19684 0.0131503
0.19672 0.0131503
0.196602 0.0131503
0.196494 0.0131503
0.196374 0.0131503
0.196286 0.0129569
0.196172 0.0129569
0.196041 0.0129569
0.195916 0.0129569
0.195794 0.0129569
0.195684 0.0129569
0.195543 0.0129569
0.195428 0.0129569
0.195308 0.0129569
0.19519 0.0129569
0.195054 0.0129569
0.194954 0.0129569
0.194858 0.0127635
0.194725 0.0127635
0.194589 0.0127635
0.194488 0.0127635
0.194387 0.0127635
0.194292 0.0125701
0.194186 0.0125701
0.194067 0.0125701
0.193928 0.0125701
0.193813 0.0125701
0.193684 0.0125701
0.193574 0.0125701
0.193449 0.0125701
0.193315 0.0125701
0.193177 0.0125701
0.193058 0.0125701
0.192948 0.0125701
0.192838 0.0125701
0.192708 0.0125701
0.192581 0.0125701
0.192476 0.0125701
0.192359 0.0125701
0.192232 0.0125701
0.192106 0.0125701
0.191996 0.0125701
0.191888 0.0125701
0.19176 0.0125701
0.191643 0.0125701
0.191505 0.0125701
0.19138 0.0125701
0.191241 0.0125701
0.191098 0.0125701
0.190972 0.0125701
0.190872 0.0125701
0.19074 0.0125701
0.190608 0.0125701
0.190496 0.0125701
0.19038 0.0125701
0.190247 0.0125701
0.190133 0.0125701
0.19 0.0125701
0.189877 0.0125701
0.189752 0.0125701
0.189633 0.0125701
0.189504 0.0125701
0.189401 0.0125701
0.189278 0.0125701
0.189146 0.0125701
0.189007 0.0125701
0.188887 0.0125701
0.188757 0.0125701
0.188663 0.0123767
0.188564 0.0123767
0.188453 0.0123767
0.188358 0.0121833
0.18825 0.0121833
0.188127 0.0121833
0.188007 0.0121833
0.1879 0.0121833
0.18776 0.0121833
0.187624 0.0121833
0.18752 0.0121833
0.187394 0.0121833
0.187255 0.0121833
0.187137 0.0121833
0.187002 0.0121833
0.186879 0.0121833
0.186747 0.0121833
0.186612 0.0121833
0.186499 0.0121833
0.186397 0.0121833
0.186292 0.0121833
0.186157 0.0121833
0.186041 0.0121833
0.185928 0.0121833
0.185819 0.0121833
0.185701 0.0121833
0.185584 0.0121833
0.185477 0.0121833
0.185343 0.0121833
0.185208 0.0121833
0.185081 0.0121833
0.184952 0.0121833
0.184815 0.0121833
0.184691 0.0121833
0.184568 0.0121833
0.184448 0.0121833
0.184339 0.0121833
0.18421 0.0121833
0.184078 0.0121833
0.183937 0.0121833
0.183832 0.0121833
0.183742 0.0119899
0.183633 0.0119899
0.183509 0.0119899
0.18338 0.0119899
0.183265 0.0119899
0.183178 0.0117966
0.183068 0.0117966
0.182935 0.0117966
0.182812 0.0117966
0.182683 0.0117966
0.182556 0.0117966
0.182431 0.0117966
0.182296 0.0117966
0.182158 0.0117966
0.182024 0.0117966
0.181915 0.0117966
0.181808 0.0117966
0.181713 0.0116032
0.181595 0.0116032
0.181481 0.0116032
0.181384 0.0116032
0.181289 0.0114098
0.181161 0.0114098
0.181039 0.0114098
0.180913 0.0114098
0.18082 0.0112164
0.180712 0.0112164
0.180612 0.0112164
0.180493 0.0112164
0.180366 0.0112164
0.180249 0.0112164
0.180136 0.0112164
0.180005 0.0112164
0.17989 0.0112164
0.179786 0.0112164
0.179687 0.0112164
0.179585 0.0112164
0.179477 0.0112164
0.17937 0.0112164
0.179252 0.0112164
0.179117 0.0112164
0.178982 0.0112164
0.178888 0.011023
0.178748 0.011023
0.178619 0.011023
0.178488 0.011023
0.178343 0.011023
0.178229 0.011023
0.178109 0.011023
0.17798 0.011023
0.177849 0.011023
0.177726 0.011023
0.177597 0.011023
0.177482 0.011023
0.177351 0.011023
0.17722 0.011023
0.177122 0.011023
0.177013 0.011023
0.176891 0.011023
0.176773 0.011023
0.17665 0.011023
0.176534 0.011023
0.176394 0.011023
0.176248 0.011023
0.176145 0.011023
0.176007 0.011023
0.175893 0.011023
0.175767 0.011023
0.175636 0.011023
0.175506 0.011023
0.175371 0.011023
0.175247 0.011023
0.17512 0.011023
0.174984 0.011023
0.174851 0.011023
0.17475 0.011023
0.174632 0.011023
0.174518 0.011023
0.174393 0.011023
0.174259 0.011023
0.174137 0.011023
0.174 0.011023
0.173859 0.011023
0.17377 0.0108296
0.173658 0.0108296
0.17353 0.0108296
0.17341 0.0108296
0.173272 0.0108296
0.173155 0.0108296
0.173029 0.0108296
0.172888 0.0108296
0.172775 0.0108296
0.172658 0.0108296
0.172546 0.0108296
0.172434 0.0108296
0.172315 0.0108296
0.172183 0.0108296
0.17207 0.0108296
0.171926 0.0108296
0.171835 0.0106362
0.171703 0.0106362
0.171585 0.0106362
0.171468 0.0106362
0.171353 0.0106362
0.171255 0.0106362
0.171138 0.0106362
0.171004 0.0106362
0.170903 0.0106362
0.170787 0.0106362
0.170681 0.0106362
0.170557 0.0106362
0.170442 0.0106362
0.170305 0.0106362
0.170172 0.0106362
0.170051 0.0106362
0.169927 0.0106362
0.169802 0.0106362
0.169666 0.0106362
0.16957 0.0104429
0.16945 0.0104429
0.169323 0.0104429
0.169205 0.0104429
0.169067 0.0104429
0.168961 0.0104429
0.168842 0.0104429
0.168717 0.0104429
0.168573 0.0104429
0.168428 0.0104429
0.16829 0.0104429
0.168175 0.0104429
0.168064 0.0104429
0.167944 0.0104429
0.167803 0.0104429
0.167693 0.0104429
0.167557 0.0104429
0.167434 0.0104429
0.16731 0.0104429
0.167192 0.0104429
0.167072 0.0104429
0.166956 0.0104429
0.166837 0.0104429
0.166703 0.0104429
0.166582 0.0104429
0.166454 0.0104429
0.166317 0.0104429
0.1662 0.0104429
0.166062 0.0104429
0.16593 0.0104429
0.165804 0.0104429
0.16568 0.0104429
0.165563 0.0104429
0.165441 0.0104429
0.16534 0.0104429
0.165206 0.0104429
0.165066 0.0104429
0.164939 0.0104429
0.164805 0.0104429
0.164674 0.0104429
0.164553 0.0104429
0.164441 0.0104429
0.164325 0.0104429
0.164216 0.0104429
0.164094 0.0104429
0.163972 0.0104429
0.163851 0.0104429
0.163734 0.0104429
0.163618 0.0104429
0.163486 0.0104429
0.163362 0.0104429
0.163231 0.0104429
0.1631 0.0104429
0.162982 0.0104429
0.162881 0.0104429
0.162774 0.0104429
0.162675 0.0104429
0.162557 0.0104429
0.162437 0.0104429
0.16231 0.0104429
0.162201 0.0104429
0.162084 0.0104429
0.161981 0.0104429
0.161882 0.0104429
0.161755 0.0104429
0.161649 0.0104429
0.161523 0.0104429
0.161403 0.0104429
0.161298 0.0104429
0.16116 0.0104429
0.16104 0.0104429
0.160905 0.0104429
0.160802 0.0104429
0.160666 0.0104429
0.160542 0.0104429
0.160432 0.0104429
0.160293 0.0104429
0.160175 0.0104429
0.160055 0.0104429
0.159934 0.0104429
0.159799 0.0104429
0.159659 0.0104429
0.159536 0.0104429
0.159431 0.0104429
0.159321 0.0104429
0.159198 0.0104429
0.159095 0.0104429
0.158967 0.0104429
0.158852 0.0104429
0.158728 0.0104429
0.158601 0.0104429
0.158488 0.0104429
0.158385 0.0104429
0.158264 0.0104429
0.158016 0.0104429
0.157883 0.0104429
0.157752 0.0104429
0.157619 0.0104429
0.157504 0.0104429
0.157386 0.0104429
0.157259 0.0104429
0.157166 0.0102495
0.157048 0.0102495
0.156941 0.0102495
0.15682 0.0102495
0.156715 0.0102495
0.156583 0.0102495
0.156448 0.0102495
0.156309 0.0102495
0.156187 0.0102495
0.156049 0.0102495
0.155917 0.0102495
0.155803 0.0102495
0.155672 0.0102495
0.155552 0.0102495
0.155411 0.0102495
0.155301 0.0102495
0.155175 0.0102495
0.155049 0.0102495
0.154914 0.0102495
0.154774 0.0102495
0.154655 0.0102495
0.154519 0.0102495
0.154407 0.0102495
0.154303 0.0102495
0.154171 0.0102495
0.154041 0.0102495
0.15391 0.0102495
0.153784 0.0102495
0.153659 0.0102495
0.153524 0.0102495
0.153399 0.0102495
0.153306 0.0100561
0.1532 0.0100561
0.153081 0.0100561
0.152975 0.0100561
0.152852 0.0100561
0.152736 0.0100561
0.152607 0.0100561
0.152482 0.0100561
0.152365 0.0100561
0.152245 0.0100561
0.152143 0.0100561
0.152004 0.0100561
0.151872 0.0100561
0.151739 0.0100561
0.151632 0.0100561
0.151518 0.0100561
0.151287 0.0100561
0.151179 0.0100561
0.151065 0.0100561
0.150932 0.0100561
0.150827 0.0100561
0.150704 0.0100561
0.150561 0.0100561
0.150459 0.0100561
0.150335 0.0100561
0.150227 0.0100561
0.15011 0.0100561
0.149996 0.0100561
0.149865 0.0100561
0.149777 0.0098627
0.149666 0.0098627
0.149543 0.0098627
0.149425 0.0098627
0.149296 0.0098627
0.149185 0.0098627
0.149078 0.0098627
0.148956 0.0098627
0.148851 0.0098627
0.148754 0.0098627
0.148648 0.0098627
0.148536 0.0098627
0.148407 0.0098627
0.14829 0.0098627
0.148157 0.0098627
0.14804 0.0098627
0.147922 0.0098627
0.147795 0.0098627
0.147693 0.0098627
0.147576 0.0098627
0.147465 0.0098627
0.147338 0.0098627
0.147234 0.0098627
0.147105 0.0098627
0.146979 0.0098627
0.146851 0.0098627
0.146708 0.0098627
0.146588 0.0098627
0.14648 0.0098627
0.146346 0.0098627
0.146232 0.0098627
0.1461 0.0098627
0.145959 0.0098627
0.14583 0.0098627
0.145711 0.0098627
0.145586 0.0098627
0.145452 0.0098627
0.14531 0.0098627
0.145182 0.0098627
0.145069 0.0098627
0.144973 0.00966931
0.144845 0.00966931
0.144735 0.00966931
0.144616 0.00966931
0.144513 0.00966931
0.144402 0.00966931
0.144272 0.00966931
0.144158 0.00966931
0.144049 0.00966931
0.143927 0.00966931
0.143814 0.00966931
0.143685 0.00966931
0.143592 0.00947592
0.143463 0.00947592
0.143338 0.00947592
0.143227 0.00947592
0.143092 0.00947592
0.142978 0.00947592
0.142875 0.00947592
0.14276 0.00947592
0.142632 0.00947592
0.142498 0.00947592
0.142354 0.00947592
0.142232 0.00947592
0.142121 0.00947592
0.14201 0.00947592
0.141895 0.00947592
0.141771 0.00947592
0.141627 0.00947592
0.141501 0.00947592
0.141395 0.00947592
0.141269 0.00947592
0.141175 0.00928254
0.141072 0.00928254
0.140944 0.00928254
0.140831 0.00928254
0.1407 0.00928254
0.140593 0.00928254
0.140471 0.00928254
0.14034 0.00928254
0.140228 0.00928254
0.140104 0.00928254
0.139993 0.00928254
0.139873 0.00928254
0.13976 0.00928254
0.139638 0.00928254
0.13954 0.00928254
0.139412 0.00928254
0.139291 0.00928254
0.139167 0.00928254
0.139041 0.00928254
0.138923 0.00928254
0.138782 0.00928254
0.13869 0.00908915
0.138556 0.00908915
0.138449 0.00908915
0.138335 0.00908915
0.138233 0.00908915
0.138087 0.00908915
0.137938 0.00908915
0.1378 0.00908915
0.137681 0.00908915
0.13757 0.00908915
0.137466 0.00908915
0.137341 0.00908915
0.13721 0.00908915
0.137089 0.00908915
0.13697 0.00908915
0.136878 0.00889576
0.136753 0.00889576
0.136626 0.00889576
0.136539 0.00870238
0.136421 0.00870238
0.136314 0.00870238
0.136206 0.00870238
0.136086 0.00870238
0.135973 0.00870238
0.135854 0.00870238
0.13573 0.00870238
0.135598 0.00870238
0.135499 0.00870238
0.135388 0.00870238
0.13525 0.00870238
0.135135 0.00870238
0.134994 0.00870238
0.134895 0.00870238
0.134759 0.00870238
0.134635 0.00870238
0.134527 0.00870238
0.134414 0.00870238
0.134281 0.00870238
0.134194 0.00850899
0.134082 0.00850899
0.133955 0.00850899
0.133825 0.00850899
0.133704 0.00850899
0.133606 0.00850899
0.133484 0.00850899
0.133394 0.00831561
0.133256 0.00831561
0.133133 0.00831561
0.133022 0.00831561
0.132912 0.00831561
0.132799 0.00831561
0.13267 0.00831561
0.132546 0.00831561
0.132417 0.00831561
0.132304 0.00831561
0.132177 0.00831561
0.132047 0.00831561
0.131929 0.00831561
0.131799 0.00831561
0.131684 0.00831561
0.131581 0.00831561
0.131455 0.00831561
0.131342 0.00831561
0.131227 0.00831561
0.131099 0.00831561
0.130977 0.00831561
0.130875 0.00831561
0.130744 0.00831561
0.130621 0.00831561
0.130526 0.00812222
0.130402 0.00812222
0.130271 0.00812222
0.130163 0.00812222
0.130021 0.00812222
0.129889 0.00812222
0.12976 0.00812222
0.129645 0.00812222
0.129534 0.00812222
0.129404 0.00812222
0.129271 0.00812222
0.129139 0.00812222
0.129013 0.00812222
0.128872 0.00812222
0.128748 0.00812222
0.12861 0.00812222
0.128489 0.00812222
0.128373 0.00812222
0.128278 0.00792883
0.128153 0.00792883
0.128031 0.00792883
0.127906 0.00792883
0.1278 0.00792883
0.127672 0.00792883
0.127543 0.00792883
0.127429 0.00792883
0.127298 0.00792883
0.12717 0.00792883
0.127048 0.00792883
0.126914 0.00792883
0.126782 0.00792883
0.126656 0.00792883
0.126527 0.00792883
0.126412 0.00792883
0.126301 0.00792883
0.126173 0.00792883
0.126034 0.00792883
0.125898 0.00792883
0.12577 0.00792883
0.125642 0.00792883
0.12552 0.00792883
0.125409 0.00792883
0.125276 0.00792883
0.125153 0.00792883
0.125055 0.00792883
0.124949 0.00792883
0.124803 0.00792883
0.124671 0.00792883
0.124531 0.00792883
0.124426 0.00792883
0.124303 0.00792883
0.124184 0.00792883
0.124068 0.00792883
0.123951 0.00792883
0.123815 0.00792883
0.123706 0.00792883
0.123591 0.00792883
0.123489 0.00792883
0.123348 0.00792883
0.123214 0.00792883
0.1231 0.00792883
0.122967 0.00792883
0.122852 0.00792883
0.12271 0.00792883
0.122586 0.00792883
0.12248 0.00792883
0.122366 0.00792883
0.12223 0.00792883
0.122129 0.00792883
0.12202 0.00792883
0.121915 0.00792883
0.121801 0.00792883
0.121684 0.00792883
0.121588 0.00773545
0.121471 0.00773545
0.121337 0.00773545
0.121219 0.00773545
0.121106 0.00773545
0.120983 0.00773545
0.120856 0.00773545
0.120736 0.00773545
0.12059 0.00773545
0.120458 0.00773545
0.12035 0.00773545
0.120223 0.00773545
0.120101 0.00773545
0.119969 0.00773545
0.11982 0.00773545
0.119715 0.00773545
0.119593 0.00773545
0.119468 0.00773545
0.119365 0.00773545
0.119241 0.00773545
0.119122 0.00773545
0.118993 0.00773545
0.118857 0.00773545
0.118748 0.00773545
0.118639 0.00773545
0.118515 0.00773545
0.118383 0.00773545
0.118279 0.00773545
0.118173 0.00773545
0.118076 0.00773545
0.117944 0.00773545
0.117832 0.00773545
0.117706 0.00773545
0.117571 0.00773545
0.117441 0.00773545
0.117345 0.00754206
0.11722 0.00754206
0.117094 0.00754206
0.116971 0.00754206
0.116854 0.00754206
0.116733 0.00754206
0.116587 0.00754206
0.116466 0.00754206
0.116341 0.00754206
0.116217 0.00754206
0.116102 0.00754206
0.115986 0.00754206
0.115855 0.00754206
0.115707 0.00754206
0.11558 0.00754206
0.115454 0.00754206
0.115332 0.00754206
0.115212 0.00754206
0.115089 0.00754206
0.114965 0.00754206
0.11484 0.00754206
0.114721 0.00754206
0.114619 0.00754206
0.114496 0.00754206
0.114392 0.00754206
0.11427 0.00754206
0.114178 0.00734868
0.114053 0.00734868
0.113927 0.00734868
0.113815 0.00734868
0.113689 0.00734868
0.113559 0.00734868
0.113457 0.00734868
0.113317 0.00734868
0.113198 0.00734868
0.113103 0.00715529
0.112968 0.00715529
0.112835 0.00715529
0.112709 0.00715529
0.112572 0.00715529
0.112462 0.00715529
0.112338 0.00715529
0.112211 0.00715529
0.112075 0.00715529
0.111963 0.00715529
0.111825 0.00715529
0.111697 0.00715529
0.111591 0.00715529
0.11146 0.00715529
0.111328 0.00715529
0.111196 0.00715529
0.111059 0.00715529
0.11083 0.00715529
0.110707 0.00715529
0.110587 0.00715529
0.110473 0.00715529
0.110374 0.00715529
0.110277 0.00715529
0.110158 0.00715529
0.110041 0.00715529
0.109902 0.00715529
0.109773 0.00715529
0.109666 0.00715529
0.109555 0.00715529
0.109418 0.00715529
0.109284 0.00715529
0.10915 0.00715529
0.109027 0.00715529
0.108912 0.00715529
0.108771 0.00715529
0.108654 0.00715529
0.108539 0.00715529
0.108413 0.00715529
0.108285 0.00715529
0.108169 0.00715529
0.108066 0.00715529
0.107942 0.00715529
0.10781 0.00715529
0.107684 0.00715529
0.107554 0.00715529
0.107431 0.00715529
0.107309 0.00715529
0.107195 0.00715529
0.107081 0.00715529
0.106959 0.00715529
0.106856 0.00715529
0.106732 0.00715529
0.106609 0.00715529
0.106461 0.00715529
0.106337 0.00715529
0.106199 0.00715529
0.106085 0.00715529
0.105971 0.00715529
0.105867 0.00715529
0.105776 0.0069619
0.105652 0.0069619
0.105539 0.0069619
0.105429 0.0069619
0.105299 0.0069619
0.10517 0.0069619
0.105044 0.0069619
0.104917 0.0069619
0.104812 0.0069619
0.104674 0.0069619
0.104539 0.0069619
0.104437 0.0069619
0.104298 0.0069619
0.104195 0.0069619
0.104068 0.0069619
0.103948 0.0069619
0.103818 0.0069619
0.103683 0.0069619
0.103466 0.0069619
0.103332 0.0069619
0.103194 0.0069619
0.103065 0.0069619
0.102927 0.0069619
0.102781 0.0069619
0.102655 0.0069619
0.102529 0.0069619
0.102413 0.0069619
0.102272 0.0069619
0.102142 0.0069619
0.102043 0.0069619
0.101912 0.0069619
0.101805 0.0069619
0.101693 0.0069619
0.101568 0.0069619
0.10145 0.0069619
0.101327 0.0069619
0.101215 0.0069619
0.101099 0.0069619
0.100977 0.0069619
0.10086 0.0069619
0.100756 0.0069619
0.100628 0.0069619
0.100511 0.0069619
0.100383 0.0069619
0.100267 0.0069619
0.100141 0.0069619
0.100047 0.00676852
0.0999253 0.00676852
0.0998114 0.00676852
0.0996872 0.00676852
0.099559 0.00676852
0.0994204 0.00676852
0.0992979 0.00676852
0.0991846 0.00676852
0.0990667 0.00676852
0.0989381 0.00676852
0.098806 0.00676852
0.0986441 0.00676852
0.0985239 0.00676852
0.0983968 0.00676852
0.0982936 0.00676852
0.0981626 0.00676852
0.0980587 0.00676852
0.0979409 0.00676852
0.0978364 0.00676852
0.0977276 0.00676852
0.0975997 0.00676852
0.0974918 0.00676852
0.097366 0.00676852
0.0972407 0.00676852
0.0971116 0.00676852
0.0969652 0.00676852
0.0968694 0.00657513
0.0967561 0.00657513
0.0966204 0.00657513
0.0965058 0.00657513
0.0963728 0.00657513
0.0962481 0.00657513
0.0961176 0.00657513
0.095996 0.00657513
0.0958688 0.00657513
0.0957401 0.00657513
0.095633 0.00657513
0.0955071 0.00657513
0.0953828 0.00657513
0.0952554 0.00657513
0.0951288 0.00657513
0.095028 0.00657513
0.0948932 0.00657513
0.0947884 0.00657513
0.0946544 0.00657513
0.0945329 0.00657513
0.0944385 0.00638174
0.0943109 0.00638174
0.0941709 0.00638174
0.094055 0.00638174
0.0939287 0.00638174
0.0937999 0.00638174
0.0936698 0.00638174
0.0935394 0.00638174
0.0934084 0.00638174
0.0932802 0.00638174
0.0931536 0.00638174
0.0930394 0.00638174
0.0929022 0.00638174
0.0928067 0.00618836
0.0926838 0.00618836
0.0925477 0.00618836
0.0924444 0.00618836
0.0923216 0.00618836
0.0921953 0.00618836
0.0920827 0.00618836
0.0919687 0.00618836
0.0918571 0.00618836
0.0917519 0.00618836
0.0916287 0.00618836
0.0914961 0.00618836
0.091392 0.00618836
0.0912676 0.00618836
0.0911464 0.00618836
0.0910265 0.00618836
0.0909133 0.00618836
0.0907827 0.00618836
0.0906606 0.00618836
0.0905249 0.00618836
0.0903935 0.00618836
0.0902666 0.00618836
0.0901418 0.00618836
0.0900426 0.00618836
0.0899305 0.00618836
0.0897972 0.00618836
0.0896541 0.00618836
0.0895409 0.00618836
0.0894251 0.00618836
0.0892942 0.00618836
0.0891811 0.00618836
0.0890432 0.00618836
0.0889198 0.00618836
0.0887947 0.00618836
0.0886682 0.00618836
0.0885417 0.00618836
0.0884101 0.00618836
0.0882981 0.00618836
0.0881726 0.00618836
0.0880335 0.00618836
0.0879013 0.00618836
0.0877637 0.00618836
0.0876394 0.00618836
0.0875228 0.00618836
0.0873913 0.00618836
0.087274 0.00618836
0.0871489 0.00618836
0.0870103 0.00618836
0.086873 0.00618836
0.0867454 0.00618836
0.086627 0.00618836
0.0865188 0.00618836
0.0863849 0.00618836
0.0862617 0.00618836
0.0861405 0.00618836
0.0860082 0.00618836
0.085868 0.00618836
0.0857465 0.00618836
0.085627 0.00618836
0.0854891 0.00618836
0.0853779 0.00618836
0.0852701 0.00618836
0.085146 0.00618836
0.0850452 0.00618836
0.084932 0.00618836
0.0847988 0.00618836
0.0846732 0.00618836
0.0845489 0.00618836
0.0844372 0.00618836
0.0843408 0.00599497
0.0842305 0.00599497
0.0841114 0.00599497
0.083982 0.00599497
0.0838441 0.00599497
0.083723 0.00599497
0.0835912 0.00599497
0.0834513 0.00599497
0.0833164 0.00599497
0.083195 0.00599497
0.0830895 0.00599497
0.0829873 0.00599497
0.0828758 0.00599497
0.0827636 0.00599497
0.0826395 0.00599497
0.0825154 0.00599497
0.0823849 0.00599497
0.0821231 0.00599497
0.0820037 0.00599497
0.0818967 0.00599497
0.0817847 0.00599497
0.0816613 0.00599497
0.0815397 0.00599497
0.0814261 0.00599497
0.0813183 0.00599497
0.0811975 0.00599497
0.0810685 0.00599497
0.0809475 0.00599497
0.0808301 0.00599497
0.0807051 0.00599497
0.0805783 0.00599497
0.0804592 0.00599497
0.0803414 0.00599497
0.0802273 0.00599497
0.0800951 0.00599497
0.0799605 0.00599497
0.0798226 0.00599497
0.0797209 0.00599497
0.0796252 0.00580159
0.0795089 0.00580159
0.0793856 0.00580159
0.0792518 0.00580159
0.079128 0.00580159
0.0789938 0.00580159
0.0788724 0.00580159
0.0787445 0.00580159
0.0786345 0.00580159
0.0785053 0.00580159
0.0784022 0.00580159
0.0782581 0.00580159
0.0781288 0.00580159
0.0780047 0.00580159
0.0778795 0.00580159
0.0777526 0.00580159
0.0776421 0.00580159
0.0775112 0.00580159
0.0773974 0.00580159
0.0772633 0.00580159
0.077149 0.00580159
0.0770224 0.00580159
0.0769004 0.00580159
0.0767839 0.00580159
0.0766504 0.00580159
0.0765555 0.0056082
0.0764393 0.0056082
0.0763137 0.0056082
0.0761803 0.0056082
0.076052 0.0056082
0.0759319 0.0056082
0.07584 0.00541481
0.0757208 0.00541481
0.0755898 0.00541481
0.07547 0.00541481
0.0753474 0.00541481
0.0752101 0.00541481
0.0750954 0.00541481
0.0749733 0.00541481
0.0748473 0.00541481
0.0747273 0.00541481
0.0745902 0.00541481
0.0744945 0.00522143
0.0743968 0.00522143
0.074267 0.00522143
0.0741474 0.00522143
0.0740283 0.00522143
0.0739207 0.00522143
0.0737911 0.00522143
0.0736825 0.00522143
0.0735536 0.00522143
0.0734205 0.00522143
0.0732991 0.00522143
0.0731887 0.00522143
0.0730681 0.00522143
0.072974 0.00502804
0.0728694 0.00502804
0.0727303 0.00502804
0.0726013 0.00502804
0.0724776 0.00502804
0.0723674 0.00502804
0.0722694 0.00502804
0.0721438 0.00502804
0.0720247 0.00502804
0.0719327 0.00483465
0.0718079 0.00483465
0.071669 0.00483465
0.0715404 0.00483465
0.0714191 0.00483465
0.071285 0.00483465
0.0711465 0.00483465
0.0710194 0.00483465
0.0708828 0.00483465
0.0707478 0.00483465
0.0706206 0.00483465
0.0705134 0.00483465
0.070392 0.00483465
0.0702798 0.00483465
0.0701774 0.00483465
0.0700565 0.00483465
0.0699103 0.00483465
0.0697839 0.00483465
0.0696574 0.00483465
0.0695527 0.00483465
0.0694488 0.00483465
0.0693372 0.00483465
0.0692017 0.00483465
0.0690672 0.00483465
0.0689447 0.00483465
0.0688396 0.00483465
0.0687394 0.00483465
0.0686068 0.00483465
0.0684995 0.00483465
0.0683614 0.00483465
0.0682462 0.00483465
0.0681085 0.00483465
0.0679998 0.00483465
0.06787 0.00483465
0.0677276 0.00483465
0.0675906 0.00483465
0.0674645 0.00483465
0.0673298 0.00483465
0.0672311 0.00483465
0.0671036 0.00483465
0.0669728 0.00483465
0.0668431 0.00483465
0.0667305 0.00483465
0.0666209 0.00483465
0.0664994 0.00483465
0.0663757 0.00483465
0.0662454 0.00483465
0.0661283 0.00483465
0.0660028 0.00483465
0.0658783 0.00483465
0.0657804 0.00483465
0.0656833 0.00483465
0.0655597 0.00483465
0.0654274 0.00483465
0.0653194 0.00483465
0.0652136 0.00483465
0.0651033 0.00483465
0.0649917 0.00483465
0.064881 0.00483465
0.0647689 0.00483465
0.0646383 0.00483465
0.0645073 0.00483465
0.0643948 0.00483465
0.0642681 0.00483465
0.0641516 0.00483465
0.0640316 0.00483465
0.0639186 0.00483465
0.0638055 0.00483465
0.0637008 0.00483465
0.0635806 0.00483465
0.0634602 0.00483465
0.0633376 0.00483465
0.0632208 0.00483465
0.0630826 0.00483465
0.0629776 0.00483465
0.0628802 0.00483465
0.0627527 0.00483465
0.0626294 0.00483465
0.0625095 0.00483465
0.0623824 0.00483465
0.0622733 0.00483465
0.0621387 0.00483465
0.0620241 0.00483465
0.0618982 0.00483465
0.06179 0.00483465
0.0616885 0.00483465
0.0615723 0.00483465
0.0614379 0.00483465
0.0613263 0.00483465
0.0612191 0.00483465
0.0610976 0.00483465
0.0609837 0.00483465
0.0608926 0.00464127
0.0607732 0.00464127
0.0606343 0.00464127
0.0605243 0.00464127
0.0603968 0.00464127
0.0602922 0.00464127
0.0601675 0.00464127
0.0600524 0.00464127
0.0599456 0.00464127
0.0598367 0.00464127
0.0597244 0.00464127
0.0595825 0.00464127
0.0594426 0.00464127
0.0593143 0.00464127
0.0591982 0.00464127
0.0590722 0.00464127
0.0589506 0.00464127
0.0588231 0.00464127
0.0587255 0.00464127
0.0585902 0.00464127
0.0584743 0.00464127
0.0583581 0.00464127
0.0582551 0.00464127
0.0580168 0.00464127
0.0579261 0.00444788
0.0577771 0.00444788
0.0576338 0.00444788
0.0575111 0.00444788
0.0573895 0.00444788
0.0572593 0.00444788
0.0571331 0.00444788
0.0569841 0.00444788
0.0568729 0.00444788
0.0567621 0.00444788
0.0566484 0.00444788
0.0565421 0.00444788
0.0564268 0.00444788
0.0563237 0.00444788
0.0562175 0.00444788
0.0561017 0.00444788
0.0559769 0.00444788
0.0558389 0.00444788
0.0557401 0.00444788
0.0556241 0.00444788
0.0555046 0.00444788
0.0554174 0.0042545
0.0552907 0.0042545
0.0551815 0.0042545
0.0550792 0.0042545
0.0549602 0.0042545
0.0548625 0.0042545
0.0547493 0.0042545
0.0546589 0.00406111
0.0545495 0.00406111
0.0544303 0.00406111
0.0542995 0.00406111
0.0541634 0.00406111
0.0540603 0.00406111
0.0539416 0.00406111
0.0538149 0.00406111
0.0537106 0.00406111
0.0536005 0.00406111
0.0534728 0.00406111
0.05334 0.00406111
0.053215 0.00406111
0.0531096 0.00406111
0.052979 0.00406111
0.0528655 0.00406111
0.0527409 0.00406111
0.0526121 0.00406111
0.052491 0.00406111
0.0523919 0.00406111
0.0522555 0.00406111
0.0521395 0.00406111
0.0520239 0.00406111
0.0518923 0.00406111
0.0517697 0.00406111
0.0516454 0.00406111
0.0515208 0.00406111
0.0513921 0.00406111
0.0512678 0.00406111
0.0511463 0.00406111
0.0510351 0.00406111
0.0509046 0.00406111
0.0507924 0.00406111
0.0506684 0.00406111
0.0505326 0.00406111
0.0504175 0.00406111
0.0502924 0.00406111
0.0501575 0.00406111
0.050063 0.00386772
0.0499367 0.00386772
0.0498264 0.00386772
0.0497186 0.00386772
0.049607 0.00386772
0.0494659 0.00386772
0.0493634 0.00386772
0.0492598 0.00386772
0.0491336 0.00386772
0.0489026 0.00386772
0.0487938 0.00386772
0.0486808 0.00386772
0.0485665 0.00386772
0.0484268 0.00386772
0.0482902 0.00386772
0.0481626 0.00386772
0.0480422 0.00386772
0.0479115 0.00386772
0.0478107 0.00386772
0.0477036 0.00386772
0.0475968 0.00386772
0.0474701 0.00386772
0.0473426 0.00386772
0.0472257 0.00386772
0.0471006 0.00386772
0.0469831 0.00386772
0.0468843 0.00386772
0.0466443 0.00386772
0.0465567 0.00367434
0.0464291 0.00367434
0.0463074 0.00367434
0.04619 0.00367434
0.046055 0.00367434
0.0459326 0.00367434
0.0458014 0.00367434
0.0456858 0.00367434
0.045568 0.00367434
0.04545 0.00367434
0.0453247 0.00367434
0.0452052 0.00367434
0.0450948 0.00367434
0.0449848 0.00367434
0.044839 0.00367434
0.044719 0.00367434
0.0446065 0.00367434
0.0444909 0.00367434
0.0443886 0.00367434
0.0442625 0.00367434
0.0441348 0.00367434
0.0439883 0.00367434
0.0438762 0.00367434
0.0437429 0.00367434
0.0436213 0.00367434
0.0434933 0.00367434
0.0433812 0.00367434
0.0432773 0.00367434
0.0431439 0.00367434
0.0430218 0.00367434
0.0428968 0.00367434
0.0427776 0.00367434
0.0426742 0.00367434
0.0425497 0.00367434
0.0424189 0.00367434
0.0423129 0.00367434
0.0421779 0.00367434
0.0420574 0.00367434
0.0419411 0.00367434
0.0418059 0.00367434
0.0416823 0.00367434
0.0415733 0.00367434
0.0414592 0.00367434
0.0413574 0.00367434
0.0412396 0.00367434
0.0411131 0.00367434
0.0409986 0.00367434
0.0408765 0.00367434
0.0407848 0.00348095
0.0406807 0.00348095
0.0405597 0.00348095
0.0404346 0.00348095
0.0402973 0.00348095
0.040171 0.00348095
0.0400388 0.00348095
0.0399329 0.00348095
0.0398085 0.00348095
0.0396681 0.00348095
0.0395589 0.00348095
0.0394389 0.00348095
0.0393405 0.00348095
0.039223 0.00348095
0.0390872 0.00348095
0.0389731 0.00348095
0.0388662 0.00348095
0.0387258 0.00348095
0.0386249 0.00348095
0.0385091 0.00348095
0.0383822 0.00348095
0.0382507 0.00348095
0.0381417 0.00348095
0.0380153 0.00348095
0.0379051 0.00348095
0.0377796 0.00348095
0.0376724 0.00348095
0.03757 0.00348095
0.0374474 0.00348095
0.0373211 0.00348095
0.0372003 0.00348095
0.0370724 0.00348095
0.0369549 0.00348095
0.0368213 0.00348095
0.036676 0.00348095
0.0365469 0.00348095
0.0364161 0.00348095
0.0362846 0.00348095
0.0361591 0.00348095
0.0360529 0.00348095
0.0359287 0.00348095
0.035804 0.00348095
0.0356946 0.00348095
0.035586 0.00348095
0.0354667 0.00348095
0.0353526 0.00348095
0.0352287 0.00348095
0.0350982 0.00348095
0.0349768 0.00348095
0.0348545 0.00348095
0.0347251 0.00348095
0.0345876 0.00348095
0.0344597 0.00348095
0.0343388 0.00348095
0.0342209 0.00348095
0.0341065 0.00348095
0.0339755 0.00348095
0.0338658 0.00348095
0.0337425 0.00348095
0.0336136 0.00348095
0.0335224 0.00328757
0.0333811 0.00328757
0.0332333 0.00328757
0.0331032 0.00328757
0.0329668 0.00328757
0.0328376 0.00328757
0.0327209 0.00328757
0.0326055 0.00328757
0.0324765 0.00328757
0.0323531 0.00328757
0.032246 0.00328757
0.0321198 0.00328757
0.0320199 0.00328757
0.0319205 0.00328757
0.0317917 0.00328757
0.031678 0.00328757
0.0315541 0.00328757
0.031448 0.00328757
0.0313253 0.00328757
0.0312245 0.00328757
0.0311535 0.00309418
0.0310299 0.00309418
0.0309385 0.00290079
0.0308329 0.00290079
0.0307218 0.00290079
0.0306075 0.00290079
0.0304751 0.00290079
0.0303507 0.00290079
0.0302369 0.00290079
0.0301128 0.00290079
0.02997 0.00290079
0.0298525 0.00290079
0.0297271 0.00290079
0.029622 0.00290079
0.0294911 0.00290079
0.0293659 0.00290079
0.0292572 0.00290079
0.0292572 0.00270741
0.0291321 0.00270741
0.0290406 0.00251402
0.0289323 0.00251402
0.0287867 0.00251402
0.02867 0.00251402
0.0285573 0.00251402
0.0284322 0.00251402
0.0283004 0.00251402
0.0281851 0.00251402
0.0280632 0.00251402
0.0279286 0.00251402
0.0278093 0.00251402
0.0276778 0.00251402
0.02756 0.00251402
0.0274497 0.00251402
0.0273306 0.00251402
0.0272165 0.00251402
0.0271102 0.00251402
0.0269818 0.00251402
0.0268632 0.00251402
0.0267444 0.00251402
0.0266327 0.00251402
0.0264896 0.00251402
0.0263941 0.00232063
0.0262588 0.00232063
0.0261444 0.00232063
0.0260338 0.00232063
0.0259315 0.00232063
0.0258215 0.00232063
0.0257211 0.00232063
0.0256182 0.00232063
0.0255209 0.00232063
0.0253823 0.00232063
0.0252473 0.00232063
0.0251155 0.00232063
0.0249863 0.00232063
0.0248669 0.00232063
0.0247482 0.00232063
0.0246182 0.00232063
0.0244811 0.00232063
0.0243561 0.00232063
0.0242458 0.00232063
0.0241151 0.00232063
0.0239984 0.00232063
0.0238971 0.00232063
0.0237658 0.00232063
0.0236671 0.00232063
0.0235478 0.00232063
0.0234071 0.00232063
0.0232724 0.00232063
0.0231503 0.00232063
0.023008 0.00232063
0.0228886 0.00232063
0.0227698 0.00232063
0.0226486 0.00232063
0.0225153 0.00232063
0.0224031 0.00232063
0.0222978 0.00232063
0.0221965 0.00232063
0.0220886 0.00232063
0.0219632 0.00232063
0.0218371 0.00232063
0.0217233 0.00232063
0.021611 0.00232063
0.0214829 0.00232063
0.0213543 0.00232063
0.0212365 0.00232063
0.0211145 0.00232063
0.0210058 0.00232063
0.0208841 0.00232063
0.0207586 0.00232063
0.0206318 0.00232063
0.0205234 0.00232063
0.0204119 0.00232063
0.0202853 0.00232063
0.0201571 0.00232063
0.0200115 0.00232063
0.0198836 0.00232063
0.0197381 0.00232063
0.0196242 0.00232063
0.0195182 0.00232063
0.0193892 0.00232063
0.0192665 0.00232063
0.0191393 0.00232063
0.0190439 0.00212725
0.018939 0.00212725
0.018826 0.00212725
0.01869 0.00212725
0.0185799 0.00212725
0.0184586 0.00212725
0.0183521 0.00212725
0.0182331 0.00212725
0.018095 0.00212725
0.0179707 0.00212725
0.0178194 0.00212725
0.0176974 0.00212725
0.0175704 0.00212725
0.0174534 0.00212725
0.0173432 0.00212725
0.0172195 0.00212725
0.0170784 0.00212725
0.0169509 0.00212725
0.0168358 0.00212725
0.0167357 0.00212725
0.0166267 0.00212725
0.0165064 0.00212725
0.0163777 0.00212725
0.0162462 0.00212725
0.0161219 0.00212725
0.0160122 0.00212725
0.0159075 0.00212725
0.0157723 0.00212725
0.0155621 0.00212725
0.0154481 0.00212725
0.0153065 0.00212725
0.0151589 0.00212725
0.0150409 0.00212725
0.0149178 0.00212725
0.0148166 0.00212725
0.0146886 0.00212725
0.0145657 0.00212725
0.0144402 0.00212725
0.0143227 0.00212725
0.0142003 0.00212725
0.0140765 0.00212725
0.0139554 0.00212725
0.0138249 0.00212725
0.0136967 0.00212725
0.0136033 0.00193386
0.013483 0.00193386
0.0133359 0.00193386
0.0132271 0.00193386
0.0131123 0.00193386
0.0129933 0.00193386
0.012881 0.00193386
0.0127552 0.00193386
0.0126472 0.00193386
0.0125504 0.00193386
0.012408 0.00193386
0.012288 0.00193386
0.0121565 0.00193386
0.0120212 0.00193386
0.0119005 0.00193386
0.0117966 0.00193386
0.0116733 0.00193386
0.0115571 0.00193386
0.0115571 0.00174048
0.0114369 0.00174048
0.0113091 0.00174048
0.0112105 0.00174048
0.0111136 0.00174048
0.0109962 0.00174048
0.0108717 0.00174048
0.0107564 0.00174048
0.0106489 0.00174048
0.0105224 0.00174048
0.0103975 0.00174048
0.010281 0.00174048
0.0101623 0.00174048
0.0100248 0.00174048
0.0100242 0.00154709
0.00991394 0.00154709
0.00980364 0.00154709
0.00967579 0.00154709
0.00954886 0.00154709
0.00942925 0.00154709
0.00934065 0.0013537
0.00921901 0.0013537
0.00909951 0.0013537
0.00897143 0.0013537
0.00886078 0.0013537
0.00875268 0.0013537
0.00861118 0.0013537
0.00848629 0.0013537
0.00836777 0.0013537
0.00823891 0.0013537
0.00814261 0.00116032
0.00802291 0.00116032
0.00790321 0.00116032
0.00777648 0.00116032
0.00766079 0.00116032
0.007558 0.00116032
0.00744087 0.00116032
0.00731634 0.00116032
0.00719244 0.00116032
0.00706728 0.00116032
0.00694473 0.00116032
0.00684087 0.00116032
0.00670669 0.00116032
0.00658023 0.00116032
0.00645709 0.00116032
0.00636211 0.000966931
0.00623401 0.000966931
0.00609424 0.000966931
0.00599199 0.000966931
0.00586924 0.000966931
0.00576258 0.000966931
0.00563193 0.000966931
0.00551271 0.000966931
0.00540989 0.000966931
0.00527066 0.000966931
0.00515024 0.000966931
0.00501976 0.000966931
0.00487032 0.000966931
0.00477083 0.000966931
0.00467009 0.000966931
0.00455241 0.000966931
0.0044239 0.000966931
0.00429531 0.000966931
0.00415627 0.000966931
0.00403563 0.000966931
0.00393229 0.000966931
0.00393229 0.000773545
0.00381401 0.000773545
0.00370303 0.000773545
0.00358141 0.000773545
0.00347111 0.000773545
0.00335138 0.000773545
0.00324568 0.000773545
0.0031411 0.000773545
0.00302505 0.000773545
0.00289141 0.000773545
0.00278102 0.000773545
0.00267163 0.000773545
0.00256116 0.000773545
0.00243019 0.000773545
0.00229782 0.000773545
0.00217165 0.000773545
0.00205627 0.000773545
0.00193094 0.000773545
0.00193094 0.000580159
0.0017921 0.000580159
0.00167783 0.000580159
0.00155078 0.000580159
0.00146536 0.000386772
0.00134098 0.000386772
0.00121148 0.000386772
0.00106911 0.000386772
0.000961103 0.000386772
0.000841203 0.000386772
0.000733043 0.000386772
0.000619937 0.000386772
0.000493233 0.000386772
0.000493233 0.000193386
0.000373404 0.000193386
0.00025789 0.000193386
0.000119975 0.000193386
0 0.000193386
0 0
