0.211689 0.509766
0.203303 0.485399
0.19654 0.464707
0.190106 0.446915
0.182942 0.42661
0.175377 0.409592
0.16773 0.389093
0.161152 0.374976
0.154317 0.358925
0.14568 0.341133
0.13855 0.326823
0.130949 0.310385
0.122982 0.29356
0.116869 0.276349
0.108846 0.258171
0.102096 0.244247
0.0945686 0.227422
0.0865792 0.209437
0.0802558 0.191646
0.0743941 0.175981
0.0691939 0.163218
0.0634383 0.151035
0.0574148 0.137304
0.0532092 0.126475
0.0471934 0.112551
0.0429226 0.100367
0.0388347 0.0903114
0.0348622 0.0808354
0.0304535 0.0732934
0.0265121 0.0640108
0.0222396 0.0541481
0.01867 0.0469928
0.0163403 0.041578
0.0139867 0.0351963
0.0122023 0.0301682
0.0108763 0.0253336
0.00939043 0.0201122
0.00797177 0.0172114
0.00726311 0.0148907
0.00584716 0.0114098
0.00530014 0.0100561
0.00449894 0.00792883
0.00373926 0.00676852
0.00295145 0.0056082
0.0021924 0.00406111
0.00189213 0.00348095
0.00170183 0.00290079
0.00120439 0.00212725
0.000895798 0.00154709
0.00072184 0.00116032
0.000547235 0.000580159
0.000437192 0.000580159
0.000355581 0.000386772
4.17135e-05 0.000193386
0 0
