0.15703 0.509766 6
0.150841 0.485399 7
0.145813 0.464707 8
0.141365 0.446915 9
0.136337 0.42661 10
0.130149 0.409592 11
0.125121 0.389093 12
0.12048 0.374976 13
0.115258 0.358925 14
0.107909 0.341133 15
0.101915 0.326823 16
0.095146 0.310385 17
0.0887643 0.29356 18
0.0852833 0.276349 19
0.079095 0.258171 20
0.0738735 0.244247 21
0.0678786 0.227422 22
0.0616902 0.209437 23
0.0582092 0.191646 24
0.0543415 0.175981 25
0.0508606 0.163218 26
0.0467995 0.151035 27
0.0429317 0.137304 28
0.0398376 0.126475 29
0.0350029 0.112551 30
0.0324889 0.100367 31
0.0293947 0.0903114 32
0.0261071 0.0808354 33
0.022046 0.0732934 34
0.0191452 0.0640108 35
0.0166312 0.0541481 36
0.0133436 0.0469928 37
0.0116032 0.041578 38
0.0104429 0.0351963 39
0.00928254 0.0301682 40
0.00889576 0.0253336 41
0.00812222 0.0201122 42
0.0069619 0.0172114 43
0.00618836 0.0148907 44
0.00483465 0.0114098 45
0.00444788 0.0100561 46
0.0042545 0.00792883 47
0.00328757 0.00676852 48
0.00251402 0.0056082 49
0.00193386 0.00406111 50
0.00174048 0.00348095 51
0.00154709 0.00290079 52
0.00116032 0.00212725 53
0.000966931 0.00154709 54
0.000773545 0.00116032 55
0.000580159 0.000580159 56
0.000386772 0.000580159 57
0.000386772 0.000386772 58
0 0.000193386 59
0 0 1.79769e+308
