0.412607 0.0183717
0.398268 0.0121833
0.383297 0.00889576
0.368116 0.0056082
0.351146 0.00367434
0.336257 0.00290079
0.320831 0.00232063
0.304578 0.00193386
0.291854 0.00154709
0.276329 0.0013537
0.263181 0.0013537
0.247858 0.0013537
0.233599 0.000966931
0.219322 0.000773545
0.20577 0.000386772
0.190724 0.000386772
0.177431 0.000193386
0.165833 0.000193386
0.152088 0.000193386
0.14126 0.000193386
0.13021 0.000193386
0.118634 0
0.108129 0
0.0981063 0
0.0876072 0
0.0776109 0
0.0700956 0
0.060856 0
0.0549547 0
0.0490138 0
0.042706 0
0.037904 0
0.0328738 0
0.0278906 0
0.023905 0
0.0210224 0
0.0186278 0
0.0153732 0
0.0132981 0
0.0112418 0
0.00995781 0
0.00839735 0
0.00739072 0
0.00613837 0
0.00484058 0
0.00344122 0
0.00240966 0
0.00190539 0
0.00128451 0
0.000773649 0
0.000655784 0
0.000406087 0
0.000137336 0
0 0
