0.626958 0.0183717 6
0.605686 0.0121833 7
0.583059 0.00889576 8
0.56024 0.0056082 9
0.534519 0.00367434 10
0.511506 0.00290079 11
0.488107 0.00232063 12
0.463353 0.00193386 13
0.444015 0.00154709 14
0.420228 0.0013537 15
0.400116 0.0013537 16
0.37691 0.0013537 17
0.355444 0.000966931 18
0.333785 0.000773545 19
0.313286 0.000386772 20
0.290273 0.000386772 21
0.270354 0.000193386 22
0.252562 0.000193386 23
0.231677 0.000193386 24
0.215239 0.000193386 25
0.198608 0.000193386 26
0.181009 0 27
0.164958 0 28
0.149681 0 29
0.13363 0 30
0.118352 0 31
0.106943 0 32
0.0930188 0 33
0.0839296 0 34
0.0748405 0 35
0.0651711 0 36
0.0578225 0 37
0.050087 0 38
0.042545 0 39
0.0363566 0 40
0.0319087 0 41
0.0282344 0 42
0.0232063 0 43
0.0201122 0 44
0.017018 0 45
0.0150841 0 46
0.0127635 0 47
0.0112164 0 48
0.00928254 0 49
0.00734868 0 50
0.00522143 0 51
0.00367434 0 52
0.00290079 0 53
0.00193386 0 54
0.00116032 0 56
0.000966931 0 57
0.000580159 0 60
0.000193386 0 63
0 0 1.79769e+308
