0.475533 0.0224328
0.47541 0.0224328
0.475293 0.0224328
0.475293 0.0222394
0.47516 0.0222394
0.475001 0.0222394
0.474913 0.022046
0.474791 0.022046
0.474641 0.022046
0.47451 0.022046
0.474384 0.022046
0.474384 0.0218526
0.474261 0.0218526
0.474165 0.0216593
0.474165 0.0214659
0.474165 0.0212725
0.474056 0.0212725
0.473934 0.0212725
0.473809 0.0212725
0.47369 0.0212725
0.47359 0.0212725
0.473445 0.0212725
0.473317 0.0212725
0.473188 0.0212725
0.473084 0.0212725
0.472963 0.0212725
0.472844 0.0212725
0.472717 0.0212725
0.472634 0.0210791
0.47252 0.0210791
0.47252 0.0208857
0.472405 0.0208857
0.472283 0.0208857
0.472162 0.0208857
0.472084 0.0206923
0.471936 0.0206923
0.471789 0.0206923
0.471697 0.0204989
0.471584 0.0204989
0.471456 0.0204989
0.471311 0.0204989
0.47117 0.0204989
0.471069 0.0204989
0.470986 0.0203056
0.470986 0.0201122
0.470869 0.0201122
0.470869 0.0199188
0.470762 0.0199188
0.470654 0.0199188
0.47055 0.0199188
0.470442 0.0199188
0.470332 0.0199188
0.470224 0.0199188
0.470117 0.0199188
0.470004 0.0199188
0.469895 0.0199188
0.469773 0.0199188
0.469664 0.0199188
0.469523 0.0199188
0.469408 0.0199188
0.469301 0.0199188
0.469172 0.0199188
0.469067 0.0199188
0.468958 0.0199188
0.46881 0.0199188
0.468714 0.0197254
0.468612 0.0197254
0.468502 0.0197254
0.468382 0.0197254
0.468236 0.0197254
0.468236 0.019532
0.468115 0.019532
0.468012 0.019532
0.467916 0.0193386
0.467772 0.0193386
0.467683 0.0191452
0.467572 0.0191452
0.467445 0.0191452
0.467313 0.0191452
0.467203 0.0191452
0.467108 0.0189518
0.466977 0.0189518
0.466885 0.0187585
0.466773 0.0187585
0.466648 0.0187585
0.466522 0.0187585
0.466375 0.0187585
0.466242 0.0187585
0.466135 0.0187585
0.466135 0.0185651
0.465988 0.0185651
0.465867 0.0185651
0.465767 0.0185651
0.465671 0.0183717
0.465671 0.0181783
0.465671 0.0179849
0.465553 0.0179849
0.465424 0.0179849
0.465424 0.0177915
0.465302 0.0177915
0.465195 0.0177915
0.465072 0.0177915
0.464969 0.0177915
0.464832 0.0177915
0.464709 0.0177915
0.46463 0.0175981
0.464504 0.0175981
0.464382 0.0175981
0.464281 0.0175981
0.464178 0.0175981
0.464066 0.0175981
0.463944 0.0175981
0.463827 0.0175981
0.463723 0.0175981
0.463608 0.0175981
0.463505 0.0175981
0.463366 0.0175981
0.463268 0.0175981
0.463146 0.0175981
0.46304 0.0175981
0.462926 0.0175981
0.462816 0.0175981
0.462701 0.0175981
0.462563 0.0175981
0.46245 0.0175981
0.462325 0.0175981
0.462225 0.0175981
0.462123 0.0175981
0.462013 0.0175981
0.461931 0.0174048
0.461819 0.0174048
0.461693 0.0174048
0.461603 0.0172114
0.461474 0.0172114
0.461369 0.0172114
0.461251 0.0172114
0.461145 0.0172114
0.461006 0.0172114
0.460896 0.0172114
0.460755 0.0172114
0.46063 0.0172114
0.46053 0.0172114
0.460438 0.017018
0.460331 0.017018
0.460204 0.017018
0.460076 0.017018
0.459947 0.017018
0.459836 0.017018
0.459706 0.017018
0.45959 0.017018
0.459468 0.017018
0.45935 0.017018
0.459212 0.017018
0.459084 0.017018
0.458963 0.017018
0.458836 0.017018
0.458737 0.017018
0.458638 0.017018
0.458519 0.017018
0.458377 0.017018
0.458261 0.017018
0.458173 0.0168246
0.458079 0.0166312
0.457821 0.0166312
0.457708 0.0166312
0.457593 0.0166312
0.457522 0.0164378
0.457409 0.0164378
0.457274 0.0164378
0.457148 0.0164378
0.457073 0.0162444
0.456969 0.0162444
0.456877 0.0160511
0.456739 0.0160511
0.456633 0.0160511
0.456392 0.0160511
0.45627 0.0160511
0.456156 0.0160511
0.456065 0.0158577
0.455948 0.0158577
0.455832 0.0158577
0.455707 0.0158577
0.455586 0.0158577
0.45546 0.0158577
0.455332 0.0158577
0.455206 0.0158577
0.455071 0.0158577
0.455071 0.0156643
0.45494 0.0156643
0.454809 0.0156643
0.454809 0.0154709
0.45469 0.0154709
0.45456 0.0154709
0.454454 0.0154709
0.454331 0.0154709
0.454243 0.0152775
0.454128 0.0152775
0.454007 0.0152775
0.453923 0.0150841
0.45383 0.0148907
0.453686 0.0148907
0.453581 0.0148907
0.453459 0.0148907
0.453347 0.0148907
0.453232 0.0148907
0.453114 0.0148907
0.452985 0.0148907
0.452852 0.0148907
0.452722 0.0148907
0.452588 0.0148907
0.452459 0.0148907
0.45234 0.0148907
0.452215 0.0148907
0.452085 0.0148907
0.451949 0.0148907
0.451824 0.0148907
0.451718 0.0148907
0.451587 0.0148907
0.451452 0.0148907
0.451346 0.0148907
0.451227 0.0148907
0.451088 0.0148907
0.450967 0.0148907
0.450882 0.0146974
0.450747 0.0146974
0.450643 0.0146974
0.45053 0.0146974
0.450397 0.0146974
0.450294 0.0146974
0.450164 0.0146974
0.450039 0.0146974
0.449907 0.0146974
0.44975 0.0146974
0.449622 0.0146974
0.449478 0.0146974
0.449371 0.0146974
0.449262 0.0146974
0.449162 0.0146974
0.449051 0.0146974
0.448926 0.0146974
0.448818 0.0146974
0.448712 0.0146974
0.448635 0.014504
0.448509 0.014504
0.448379 0.014504
0.448259 0.014504
0.448164 0.0143106
0.448075 0.0141172
0.447957 0.0141172
0.447834 0.0141172
0.44771 0.0141172
0.447591 0.0141172
0.447467 0.0141172
0.447331 0.0141172
0.447213 0.0141172
0.447093 0.0141172
0.446982 0.0141172
0.446843 0.0141172
0.446729 0.0141172
0.446604 0.0141172
0.446472 0.0141172
0.446371 0.0141172
0.446258 0.0141172
0.446124 0.0141172
0.44602 0.0141172
0.445897 0.0141172
0.445788 0.0141172
0.445672 0.0141172
0.445531 0.0141172
0.445414 0.0141172
0.44528 0.0141172
0.445148 0.0141172
0.445037 0.0141172
0.444926 0.0141172
0.444807 0.0141172
0.444664 0.0141172
0.444575 0.0139238
0.444437 0.0139238
0.44434 0.0139238
0.444227 0.0139238
0.444145 0.0137304
0.44401 0.0137304
0.443902 0.0137304
0.443752 0.0137304
0.44362 0.0137304
0.44351 0.0137304
0.443376 0.0137304
0.443255 0.0137304
0.443147 0.0137304
0.44302 0.0137304
0.442872 0.0137304
0.442754 0.0137304
0.442633 0.0137304
0.44253 0.0137304
0.442394 0.0137304
0.442277 0.0137304
0.442155 0.0137304
0.442045 0.0137304
0.441905 0.0137304
0.441775 0.0137304
0.44164 0.0137304
0.441524 0.0137304
0.441403 0.0137304
0.441289 0.0137304
0.441165 0.0137304
0.441051 0.0137304
0.440926 0.0137304
0.44081 0.0137304
0.440677 0.0137304
0.44054 0.0137304
0.440416 0.0137304
0.440308 0.0137304
0.440202 0.0137304
0.440109 0.013537
0.439977 0.013537
0.439855 0.013537
0.439724 0.013537
0.439609 0.013537
0.43951 0.013537
0.439391 0.013537
0.439272 0.013537
0.439141 0.013537
0.43902 0.013537
0.43891 0.013537
0.438791 0.013537
0.438682 0.013537
0.438571 0.013537
0.43845 0.013537
0.438339 0.013537
0.438218 0.013537
0.438106 0.013537
0.437966 0.013537
0.437845 0.013537
0.437735 0.013537
0.437642 0.0133436
0.437514 0.0133436
0.43739 0.0133436
0.437309 0.0131503
0.437168 0.0131503
0.437042 0.0131503
0.43692 0.0131503
0.436769 0.0131503
0.436647 0.0131503
0.436535 0.0131503
0.436424 0.0131503
0.436306 0.0131503
0.436196 0.0131503
0.436063 0.0131503
0.435948 0.0131503
0.435843 0.0131503
0.435715 0.0131503
0.435581 0.0131503
0.43544 0.0131503
0.435317 0.0131503
0.435192 0.0131503
0.435056 0.0131503
0.434929 0.0131503
0.43479 0.0131503
0.434684 0.0131503
0.434601 0.0129569
0.43448 0.0129569
0.434371 0.0129569
0.434277 0.0127635
0.434178 0.0127635
0.434038 0.0127635
0.433924 0.0127635
0.433812 0.0127635
0.433694 0.0127635
0.433571 0.0127635
0.433437 0.0127635
0.433325 0.0127635
0.433211 0.0127635
0.433117 0.0125701
0.433002 0.0125701
0.432884 0.0125701
0.432769 0.0125701
0.432676 0.0123767
0.432547 0.0123767
0.432426 0.0123767
0.432286 0.0123767
0.43216 0.0123767
0.432036 0.0123767
0.43188 0.0123767
0.431764 0.0123767
0.431663 0.0123767
0.431537 0.0123767
0.431424 0.0123767
0.431295 0.0123767
0.431173 0.0123767
0.431173 0.0121833
0.431055 0.0121833
0.430926 0.0121833
0.430835 0.0119899
0.430694 0.0119899
0.430583 0.0119899
0.430459 0.0119899
0.430357 0.0119899
0.430226 0.0119899
0.430109 0.0119899
0.429996 0.0119899
0.429872 0.0119899
0.429742 0.0119899
0.42965 0.0117966
0.429527 0.0117966
0.429397 0.0117966
0.429278 0.0117966
0.429192 0.0116032
0.42908 0.0116032
0.428964 0.0116032
0.428835 0.0116032
0.428693 0.0116032
0.428561 0.0116032
0.42845 0.0116032
0.428327 0.0116032
0.428196 0.0116032
0.428072 0.0116032
0.427954 0.0116032
0.427848 0.0116032
0.427722 0.0116032
0.427595 0.0116032
0.427469 0.0116032
0.427328 0.0116032
0.427237 0.0114098
0.427122 0.0114098
0.427019 0.0114098
0.426908 0.0114098
0.426786 0.0114098
0.42666 0.0114098
0.426538 0.0114098
0.42643 0.0114098
0.426304 0.0114098
0.426205 0.0114098
0.426079 0.0114098
0.425983 0.0112164
0.425867 0.0112164
0.425756 0.0112164
0.425627 0.0112164
0.425507 0.0112164
0.425392 0.0112164
0.42529 0.0112164
0.425182 0.0112164
0.425087 0.011023
0.424955 0.011023
0.424837 0.011023
0.424745 0.0108296
0.424633 0.0108296
0.424516 0.0108296
0.424405 0.0108296
0.42428 0.0108296
0.42416 0.0108296
0.424055 0.0108296
0.423922 0.0108296
0.423826 0.0106362
0.423723 0.0106362
0.423585 0.0106362
0.423466 0.0106362
0.423363 0.0106362
0.423246 0.0106362
0.423124 0.0106362
0.423011 0.0106362
0.422895 0.0106362
0.42277 0.0106362
0.422653 0.0106362
0.422557 0.0104429
0.422433 0.0104429
0.422301 0.0104429
0.422188 0.0104429
0.422074 0.0104429
0.421947 0.0104429
0.421803 0.0104429
0.421688 0.0104429
0.42157 0.0104429
0.421469 0.0104429
0.421339 0.0104429
0.421222 0.0104429
0.421095 0.0104429
0.42098 0.0104429
0.42098 0.0102495
0.420851 0.0102495
0.420742 0.0102495
0.420613 0.0102495
0.420496 0.0102495
0.420404 0.0100561
0.42028 0.0100561
0.420181 0.0100561
0.420051 0.0100561
0.41993 0.0100561
0.419826 0.0100561
0.419687 0.0100561
0.419536 0.0100561
0.419434 0.0100561
0.41935 0.0098627
0.419257 0.00966931
0.419122 0.00966931
0.419001 0.00966931
0.418876 0.00966931
0.418747 0.00966931
0.418634 0.00966931
0.418499 0.00966931
0.418378 0.00966931
0.418273 0.00966931
0.418164 0.00966931
0.418019 0.00966931
0.417909 0.00966931
0.417804 0.00966931
0.417691 0.00966931
0.417562 0.00966931
0.417452 0.00966931
0.417327 0.00966931
0.417207 0.00966931
0.41709 0.00966931
0.416974 0.00966931
0.416852 0.00966931
0.416757 0.00947592
0.416632 0.00947592
0.41651 0.00947592
0.416409 0.00947592
0.41628 0.00947592
0.416175 0.00947592
0.416058 0.00947592
0.415932 0.00947592
0.415819 0.00947592
0.415715 0.00947592
0.415581 0.00947592
0.415443 0.00947592
0.415326 0.00947592
0.415199 0.00947592
0.415072 0.00947592
0.414946 0.00947592
0.414824 0.00947592
0.414714 0.00947592
0.414607 0.00947592
0.414496 0.00947592
0.414378 0.00947592
0.41424 0.00947592
0.414112 0.00947592
0.413977 0.00947592
0.413863 0.00947592
0.413753 0.00947592
0.413623 0.00947592
0.413498 0.00947592
0.413381 0.00947592
0.413259 0.00947592
0.413131 0.00947592
0.413001 0.00947592
0.412885 0.00947592
0.412764 0.00947592
0.412648 0.00947592
0.412533 0.00947592
0.412414 0.00947592
0.412278 0.00947592
0.412175 0.00947592
0.412061 0.00947592
0.411944 0.00947592
0.411818 0.00947592
0.411697 0.00947592
0.411566 0.00947592
0.411427 0.00947592
0.411309 0.00947592
0.411186 0.00947592
0.411068 0.00947592
0.410946 0.00947592
0.410801 0.00947592
0.410709 0.00928254
0.410582 0.00928254
0.410457 0.00928254
0.41033 0.00928254
0.410209 0.00928254
0.410106 0.00928254
0.40999 0.00928254
0.409874 0.00928254
0.409761 0.00928254
0.409633 0.00928254
0.409521 0.00928254
0.409388 0.00928254
0.409258 0.00928254
0.409118 0.00928254
0.409004 0.00928254
0.408899 0.00928254
0.408787 0.00928254
0.408686 0.00928254
0.408552 0.00928254
0.408444 0.00928254
0.408314 0.00928254
0.40819 0.00928254
0.408067 0.00928254
0.407939 0.00928254
0.407811 0.00928254
0.407669 0.00928254
0.407548 0.00928254
0.407413 0.00928254
0.407305 0.00928254
0.407176 0.00928254
0.407036 0.00928254
0.40694 0.00908915
0.406824 0.00908915
0.406683 0.00908915
0.406552 0.00908915
0.406433 0.00908915
0.406333 0.00908915
0.406218 0.00908915
0.406088 0.00908915
0.405956 0.00908915
0.405828 0.00908915
0.405699 0.00908915
0.405569 0.00908915
0.405459 0.00908915
0.405344 0.00908915
0.405232 0.00908915
0.405123 0.00908915
0.405003 0.00908915
0.404885 0.00908915
0.404752 0.00908915
0.404637 0.00908915
0.404528 0.00908915
0.404393 0.00908915
0.40426 0.00908915
0.404157 0.00908915
0.404044 0.00908915
0.403935 0.00908915
0.403819 0.00908915
0.403704 0.00908915
0.403599 0.00908915
0.40349 0.00908915
0.403365 0.00908915
0.403259 0.00908915
0.403138 0.00908915
0.403021 0.00908915
0.402906 0.00908915
0.402786 0.00908915
0.402669 0.00908915
0.402544 0.00908915
0.402416 0.00908915
0.402291 0.00908915
0.40217 0.00908915
0.402044 0.00908915
0.401926 0.00908915
0.401831 0.00889576
0.401704 0.00889576
0.401595 0.00889576
0.4015 0.00870238
0.40138 0.00870238
0.401276 0.00870238
0.401156 0.00870238
0.401048 0.00870238
0.400933 0.00870238
0.400791 0.00870238
0.400672 0.00870238
0.400528 0.00870238
0.400409 0.00870238
0.400301 0.00870238
0.400187 0.00870238
0.40006 0.00870238
0.39995 0.00870238
0.399864 0.00850899
0.399747 0.00850899
0.399623 0.00850899
0.399498 0.00850899
0.399392 0.00850899
0.399272 0.00850899
0.399172 0.00850899
0.39904 0.00850899
0.398921 0.00850899
0.39881 0.00850899
0.39871 0.00850899
0.398599 0.00850899
0.398478 0.00850899
0.398345 0.00850899
0.398251 0.00831561
0.398143 0.00831561
0.398035 0.00831561
0.397918 0.00831561
0.397782 0.00831561
0.39765 0.00831561
0.397512 0.00831561
0.397385 0.00831561
0.397267 0.00831561
0.397138 0.00831561
0.397028 0.00831561
0.396908 0.00831561
0.396808 0.00831561
0.396685 0.00831561
0.396568 0.00831561
0.396462 0.00831561
0.396331 0.00831561
0.396216 0.00831561
0.396113 0.00831561
0.395979 0.00831561
0.395845 0.00831561
0.395703 0.00831561
0.395577 0.00831561
0.395454 0.00831561
0.395321 0.00831561
0.395193 0.00831561
0.395066 0.00831561
0.394945 0.00831561
0.394812 0.00831561
0.394696 0.00831561
0.394552 0.00831561
0.394429 0.00831561
0.394293 0.00831561
0.394181 0.00831561
0.394067 0.00831561
0.393941 0.00831561
0.393824 0.00831561
0.393692 0.00831561
0.393556 0.00831561
0.393421 0.00831561
0.393299 0.00831561
0.393173 0.00831561
0.39303 0.00831561
0.392893 0.00831561
0.392764 0.00831561
0.392655 0.00831561
0.392532 0.00831561
0.392396 0.00831561
0.392291 0.00831561
0.392185 0.00831561
0.39206 0.00831561
0.391974 0.00812222
0.391845 0.00812222
0.391714 0.00812222
0.391605 0.00812222
0.391484 0.00812222
0.391376 0.00812222
0.391256 0.00812222
0.391113 0.00812222
0.391004 0.00812222
0.390881 0.00812222
0.390755 0.00812222
0.390647 0.00812222
0.39053 0.00812222
0.390435 0.00792883
0.390308 0.00792883
0.390201 0.00792883
0.390084 0.00792883
0.389983 0.00792883
0.389875 0.00792883
0.389744 0.00792883
0.389638 0.00792883
0.389518 0.00792883
0.389391 0.00792883
0.389285 0.00792883
0.389162 0.00792883
0.389044 0.00792883
0.388937 0.00792883
0.388809 0.00792883
0.388724 0.00773545
0.388596 0.00773545
0.388485 0.00773545
0.388363 0.00773545
0.388252 0.00773545
0.388136 0.00773545
0.38803 0.00773545
0.387908 0.00773545
0.387792 0.00773545
0.387683 0.00773545
0.387548 0.00773545
0.387434 0.00773545
0.387326 0.00773545
0.387226 0.00773545
0.387105 0.00773545
0.386961 0.00773545
0.386852 0.00773545
0.386756 0.00754206
0.386647 0.00754206
0.386523 0.00754206
0.386389 0.00754206
0.386262 0.00754206
0.386145 0.00754206
0.385995 0.00754206
0.385856 0.00754206
0.38575 0.00754206
0.385603 0.00754206
0.385485 0.00754206
0.385357 0.00754206
0.385235 0.00754206
0.385102 0.00754206
0.384961 0.00754206
0.384844 0.00754206
0.384748 0.00734868
0.384621 0.00734868
0.384511 0.00734868
0.384387 0.00734868
0.384249 0.00734868
0.384132 0.00734868
0.384014 0.00734868
0.383914 0.00734868
0.383806 0.00734868
0.383696 0.00734868
0.383561 0.00734868
0.383445 0.00734868
0.383331 0.00734868
0.3832 0.00734868
0.383069 0.00734868
0.38295 0.00734868
0.382846 0.00734868
0.382726 0.00734868
0.382595 0.00734868
0.382469 0.00734868
0.382346 0.00734868
0.382222 0.00734868
0.382106 0.00734868
0.381979 0.00734868
0.38187 0.00734868
0.381746 0.00734868
0.381642 0.00734868
0.381531 0.00734868
0.381412 0.00734868
0.381281 0.00734868
0.381164 0.00734868
0.381056 0.00734868
0.380935 0.00734868
0.380834 0.00734868
0.380723 0.00734868
0.380606 0.00734868
0.380515 0.00715529
0.380386 0.00715529
0.380257 0.00715529
0.380119 0.00715529
0.379979 0.00715529
0.379848 0.00715529
0.379736 0.00715529
0.379619 0.00715529
0.379487 0.00715529
0.379354 0.00715529
0.379239 0.00715529
0.379125 0.00715529
0.378995 0.00715529
0.378856 0.00715529
0.37873 0.00715529
0.37861 0.00715529
0.378486 0.00715529
0.378358 0.00715529
0.378222 0.00715529
0.378086 0.00715529
0.377982 0.00715529
0.377859 0.00715529
0.377753 0.00715529
0.377629 0.00715529
0.377515 0.00715529
0.377372 0.00715529
0.37724 0.00715529
0.377114 0.00715529
0.377018 0.0069619
0.376906 0.0069619
0.37679 0.0069619
0.376697 0.00676852
0.376559 0.00676852
0.376449 0.00676852
0.376322 0.00676852
0.376199 0.00676852
0.376075 0.00676852
0.37595 0.00676852
0.375842 0.00676852
0.375708 0.00676852
0.375574 0.00676852
0.37544 0.00676852
0.375329 0.00676852
0.375212 0.00676852
0.375088 0.00676852
0.374978 0.00676852
0.374864 0.00676852
0.374743 0.00676852
0.374601 0.00676852
0.374473 0.00676852
0.374362 0.00676852
0.374236 0.00676852
0.374111 0.00676852
0.374006 0.00676852
0.373903 0.00676852
0.373755 0.00676852
0.373618 0.00676852
0.373499 0.00676852
0.373382 0.00676852
0.373273 0.00676852
0.373154 0.00676852
0.373024 0.00676852
0.372908 0.00676852
0.372788 0.00676852
0.372664 0.00676852
0.372558 0.00676852
0.372461 0.00657513
0.372331 0.00657513
0.37222 0.00657513
0.372119 0.00657513
0.372015 0.00657513
0.371901 0.00657513
0.3718 0.00657513
0.371685 0.00657513
0.37156 0.00657513
0.371432 0.00657513
0.371303 0.00657513
0.37118 0.00657513
0.371057 0.00657513
0.370938 0.00657513
0.370824 0.00657513
0.370714 0.00657513
0.370588 0.00657513
0.370439 0.00657513
0.370326 0.00657513
0.370194 0.00657513
0.370085 0.00657513
0.369966 0.00657513
0.369854 0.00657513
0.369754 0.00657513
0.36964 0.00657513
0.36953 0.00657513
0.369413 0.00657513
0.369278 0.00657513
0.369154 0.00657513
0.369056 0.00657513
0.368939 0.00657513
0.368821 0.00657513
0.368731 0.00638174
0.368625 0.00638174
0.368491 0.00638174
0.368373 0.00638174
0.368248 0.00638174
0.368124 0.00638174
0.367996 0.00638174
0.367878 0.00638174
0.367758 0.00638174
0.367622 0.00638174
0.367494 0.00638174
0.367391 0.00638174
0.367244 0.00638174
0.367138 0.00638174
0.367018 0.00638174
0.366876 0.00638174
0.366764 0.00638174
0.366649 0.00638174
0.366534 0.00638174
0.366404 0.00638174
0.366281 0.00638174
0.366171 0.00638174
0.366033 0.00638174
0.365915 0.00638174
0.365797 0.00638174
0.365672 0.00638174
0.36553 0.00638174
0.365392 0.00638174
0.365262 0.00638174
0.365163 0.00638174
0.365036 0.00638174
0.364906 0.00638174
0.364791 0.00638174
0.364669 0.00638174
0.36455 0.00638174
0.364441 0.00638174
0.364314 0.00638174
0.364178 0.00638174
0.364077 0.00638174
0.363953 0.00638174
0.363847 0.00638174
0.363725 0.00638174
0.363603 0.00638174
0.363479 0.00638174
0.363363 0.00638174
0.363229 0.00638174
0.36308 0.00638174
0.362964 0.00638174
0.362846 0.00638174
0.362714 0.00638174
0.362604 0.00638174
0.362485 0.00638174
0.362365 0.00638174
0.362267 0.00638174
0.362139 0.00638174
0.362029 0.00638174
0.361899 0.00638174
0.361791 0.00638174
0.361689 0.00638174
0.361566 0.00638174
0.361451 0.00638174
0.361338 0.00638174
0.361214 0.00638174
0.361101 0.00638174
0.360989 0.00638174
0.360867 0.00638174
0.360658 0.00638174
0.360537 0.00638174
0.360411 0.00638174
0.36028 0.00638174
0.360148 0.00638174
0.360016 0.00638174
0.359889 0.00638174
0.359773 0.00638174
0.35965 0.00638174
0.35954 0.00638174
0.359415 0.00638174
0.359295 0.00638174
0.359165 0.00638174
0.359053 0.00638174
0.358916 0.00638174
0.358782 0.00638174
0.358654 0.00638174
0.358522 0.00638174
0.358402 0.00638174
0.358286 0.00638174
0.35817 0.00638174
0.358067 0.00638174
0.357946 0.00638174
0.357823 0.00638174
0.357707 0.00638174
0.3576 0.00638174
0.357474 0.00638174
0.357362 0.00638174
0.357233 0.00638174
0.357132 0.00638174
0.357011 0.00638174
0.356876 0.00638174
0.356756 0.00638174
0.356639 0.00638174
0.356519 0.00638174
0.3564 0.00638174
0.356287 0.00638174
0.356146 0.00638174
0.35604 0.00638174
0.355924 0.00638174
0.3558 0.00638174
0.355658 0.00638174
0.355544 0.00638174
0.355418 0.00638174
0.355293 0.00638174
0.355188 0.00638174
0.355073 0.00638174
0.354955 0.00638174
0.354858 0.00638174
0.354722 0.00638174
0.354605 0.00638174
0.354496 0.00638174
0.354362 0.00638174
0.354264 0.00638174
0.354136 0.00638174
0.354003 0.00638174
0.353863 0.00638174
0.353745 0.00638174
0.353624 0.00638174
0.353501 0.00638174
0.353398 0.00638174
0.3533 0.00638174
0.353227 0.00618836
0.353102 0.00618836
0.352981 0.00618836
0.352855 0.00618836
0.352758 0.00599497
0.352637 0.00599497
0.352531 0.00599497
0.352401 0.00599497
0.352266 0.00599497
0.352146 0.00599497
0.352025 0.00599497
0.351901 0.00599497
0.351782 0.00599497
0.351642 0.00599497
0.351507 0.00599497
0.35138 0.00599497
0.351282 0.00599497
0.351149 0.00599497
0.351022 0.00599497
0.350895 0.00599497
0.350785 0.00599497
0.350683 0.00599497
0.350555 0.00599497
0.350447 0.00599497
0.350333 0.00599497
0.350247 0.00580159
0.350154 0.0056082
0.350028 0.0056082
0.34989 0.0056082
0.349758 0.0056082
0.349653 0.0056082
0.349535 0.0056082
0.349415 0.0056082
0.349295 0.0056082
0.349189 0.0056082
0.34904 0.0056082
0.34894 0.0056082
0.348819 0.0056082
0.348703 0.0056082
0.348575 0.0056082
0.348464 0.0056082
0.348326 0.0056082
0.348215 0.0056082
0.348089 0.0056082
0.347966 0.0056082
0.34783 0.0056082
0.347704 0.0056082
0.347564 0.0056082
0.347456 0.0056082
0.347346 0.0056082
0.347205 0.0056082
0.347099 0.0056082
0.346985 0.0056082
0.346868 0.0056082
0.34671 0.0056082
0.346592 0.0056082
0.346477 0.0056082
0.346366 0.0056082
0.346248 0.0056082
0.346117 0.0056082
0.345992 0.0056082
0.345881 0.0056082
0.345762 0.0056082
0.345642 0.0056082
0.345532 0.0056082
0.345403 0.0056082
0.345278 0.0056082
0.345165 0.0056082
0.345068 0.0056082
0.344949 0.0056082
0.34482 0.0056082
0.34469 0.0056082
0.34458 0.0056082
0.344468 0.0056082
0.344366 0.0056082
0.344227 0.0056082
0.34412 0.0056082
0.343991 0.0056082
0.343883 0.0056082
0.343761 0.0056082
0.343643 0.0056082
0.343525 0.0056082
0.343384 0.0056082
0.343272 0.0056082
0.343166 0.0056082
0.343045 0.0056082
0.342939 0.0056082
0.342821 0.0056082
0.342711 0.0056082
0.342592 0.0056082
0.342468 0.0056082
0.342339 0.0056082
0.342218 0.0056082
0.3421 0.0056082
0.341973 0.0056082
0.34184 0.0056082
0.341725 0.0056082
0.341606 0.0056082
0.341492 0.0056082
0.341393 0.0056082
0.34127 0.0056082
0.341128 0.0056082
0.341 0.0056082
0.340926 0.00541481
0.340797 0.00541481
0.340677 0.00541481
0.340556 0.00541481
0.340447 0.00541481
0.340326 0.00541481
0.340204 0.00541481
0.340105 0.00541481
0.340004 0.00541481
0.339899 0.00541481
0.33977 0.00541481
0.339637 0.00541481
0.339504 0.00541481
0.339391 0.00541481
0.339268 0.00541481
0.339154 0.00541481
0.339052 0.00541481
0.338944 0.00541481
0.338815 0.00541481
0.338687 0.00541481
0.338551 0.00541481
0.338432 0.00541481
0.338306 0.00541481
0.338183 0.00541481
0.338062 0.00541481
0.337942 0.00541481
0.337827 0.00541481
0.337698 0.00541481
0.337559 0.00541481
0.33744 0.00541481
0.337336 0.00541481
0.337222 0.00541481
0.337097 0.00541481
0.336973 0.00541481
0.336852 0.00541481
0.336741 0.00541481
0.336623 0.00541481
0.336512 0.00541481
0.336395 0.00541481
0.336272 0.00541481
0.336156 0.00541481
0.336062 0.00522143
0.335939 0.00522143
0.335838 0.00522143
0.335684 0.00522143
0.33555 0.00522143
0.335424 0.00522143
0.335298 0.00522143
0.335167 0.00522143
0.335054 0.00522143
0.334943 0.00522143
0.334833 0.00522143
0.33471 0.00522143
0.334595 0.00522143
0.334477 0.00522143
0.334344 0.00522143
0.33423 0.00522143
0.3341 0.00522143
0.333974 0.00522143
0.333857 0.00522143
0.333725 0.00522143
0.333608 0.00522143
0.333478 0.00522143
0.333357 0.00522143
0.333236 0.00522143
0.333117 0.00522143
0.332989 0.00522143
0.332892 0.00522143
0.332764 0.00522143
0.332641 0.00522143
0.332521 0.00522143
0.332406 0.00522143
0.332266 0.00522143
0.332154 0.00522143
0.332037 0.00522143
0.331924 0.00522143
0.331811 0.00522143
0.331691 0.00522143
0.331579 0.00522143
0.331472 0.00522143
0.33134 0.00522143
0.331238 0.00522143
0.33111 0.00522143
0.330985 0.00522143
0.330855 0.00522143
0.330735 0.00522143
0.330613 0.00522143
0.33049 0.00522143
0.330341 0.00522143
0.330229 0.00522143
0.330129 0.00522143
0.330004 0.00522143
0.329898 0.00522143
0.329777 0.00522143
0.329661 0.00522143
0.329536 0.00522143
0.329455 0.00502804
0.329332 0.00502804
0.329198 0.00502804
0.32907 0.00502804
0.328955 0.00502804
0.328827 0.00502804
0.328715 0.00502804
0.32859 0.00502804
0.328463 0.00502804
0.328357 0.00502804
0.328239 0.00502804
0.328135 0.00502804
0.328005 0.00502804
0.327878 0.00502804
0.327757 0.00502804
0.327656 0.00502804
0.327555 0.00502804
0.32743 0.00502804
0.327313 0.00502804
0.327198 0.00502804
0.327085 0.00502804
0.326985 0.00502804
0.326864 0.00502804
0.326735 0.00502804
0.326625 0.00502804
0.326502 0.00502804
0.326375 0.00502804
0.326254 0.00502804
0.326126 0.00502804
0.325994 0.00502804
0.325864 0.00502804
0.325762 0.00502804
0.325637 0.00502804
0.325523 0.00502804
0.325393 0.00502804
0.325276 0.00502804
0.325157 0.00502804
0.325048 0.00502804
0.324921 0.00502804
0.324797 0.00502804
0.324681 0.00502804
0.324544 0.00502804
0.324415 0.00502804
0.324312 0.00502804
0.324191 0.00502804
0.324067 0.00502804
0.323939 0.00502804
0.323792 0.00502804
0.323656 0.00502804
0.323534 0.00502804
0.323402 0.00502804
0.323272 0.00502804
0.323141 0.00502804
0.323043 0.00502804
0.322924 0.00502804
0.322791 0.00502804
0.32268 0.00502804
0.322545 0.00502804
0.32241 0.00502804
0.322316 0.00483465
0.322198 0.00483465
0.322087 0.00483465
0.321965 0.00483465
0.321858 0.00483465
0.321743 0.00483465
0.321635 0.00483465
0.321512 0.00483465
0.321393 0.00483465
0.321263 0.00483465
0.321154 0.00483465
0.321046 0.00483465
0.320925 0.00483465
0.320815 0.00483465
0.320676 0.00483465
0.320572 0.00483465
0.320462 0.00483465
0.32034 0.00483465
0.320226 0.00483465
0.320111 0.00483465
0.319995 0.00483465
0.319867 0.00483465
0.31975 0.00483465
0.319638 0.00483465
0.319522 0.00483465
0.319385 0.00483465
0.319277 0.00483465
0.319156 0.00483465
0.319041 0.00483465
0.318915 0.00483465
0.318787 0.00483465
0.318658 0.00483465
0.318536 0.00483465
0.318414 0.00483465
0.318311 0.00483465
0.318181 0.00483465
0.318072 0.00483465
0.317976 0.00464127
0.317851 0.00464127
0.317738 0.00464127
0.31762 0.00464127
0.317478 0.00464127
0.317342 0.00464127
0.317216 0.00464127
0.317079 0.00464127
0.316965 0.00464127
0.316849 0.00464127
0.316745 0.00464127
0.316606 0.00464127
0.316498 0.00464127
0.31637 0.00464127
0.316259 0.00464127
0.316144 0.00464127
0.316024 0.00464127
0.31591 0.00464127
0.315791 0.00464127
0.315658 0.00464127
0.315557 0.00464127
0.315444 0.00464127
0.315328 0.00464127
0.315199 0.00464127
0.315074 0.00464127
0.314956 0.00464127
0.314854 0.00464127
0.31472 0.00464127
0.314583 0.00464127
0.314483 0.00464127
0.31437 0.00464127
0.314246 0.00464127
0.314127 0.00464127
0.314013 0.00464127
0.313876 0.00464127
0.313745 0.00464127
0.313616 0.00464127
0.313507 0.00464127
0.313387 0.00464127
0.313245 0.00464127
0.313108 0.00464127
0.312994 0.00464127
0.31287 0.00464127
0.312742 0.00464127
0.312611 0.00464127
0.312495 0.00464127
0.312393 0.00464127
0.312278 0.00464127
0.312145 0.00464127
0.312034 0.00464127
0.311894 0.00464127
0.311756 0.00464127
0.311626 0.00464127
0.311491 0.00464127
0.311376 0.00464127
0.311245 0.00464127
0.311135 0.00464127
0.311017 0.00464127
0.310902 0.00464127
0.310779 0.00464127
0.310664 0.00464127
0.310532 0.00464127
0.3104 0.00464127
0.310266 0.00464127
0.310165 0.00464127
0.310048 0.00464127
0.309936 0.00464127
0.309808 0.00464127
0.309661 0.00464127
0.309527 0.00464127
0.309409 0.00464127
0.309298 0.00464127
0.30917 0.00464127
0.30905 0.00464127
0.308919 0.00464127
0.308803 0.00464127
0.308663 0.00464127
0.308534 0.00464127
0.308423 0.00464127
0.308292 0.00464127
0.308177 0.00464127
0.308071 0.00464127
0.307947 0.00464127
0.307813 0.00464127
0.307703 0.00464127
0.307583 0.00464127
0.307457 0.00464127
0.30732 0.00464127
0.307181 0.00464127
0.307055 0.00464127
0.306917 0.00464127
0.306785 0.00464127
0.306648 0.00464127
0.306529 0.00464127
0.306386 0.00464127
0.306257 0.00464127
0.306131 0.00464127
0.305997 0.00464127
0.305864 0.00464127
0.305747 0.00464127
0.305621 0.00464127
0.305512 0.00464127
0.305386 0.00464127
0.305237 0.00464127
0.305102 0.00464127
0.304957 0.00464127
0.304841 0.00464127
0.304683 0.00464127
0.304563 0.00464127
0.304426 0.00464127
0.304308 0.00464127
0.304174 0.00464127
0.304046 0.00464127
0.303919 0.00464127
0.303762 0.00464127
0.303643 0.00464127
0.303542 0.00464127
0.303412 0.00464127
0.303275 0.00464127
0.303158 0.00464127
0.303032 0.00464127
0.302905 0.00464127
0.302782 0.00464127
0.302663 0.00464127
0.302532 0.00464127
0.302402 0.00464127
0.302291 0.00464127
0.302177 0.00464127
0.302065 0.00464127
0.301937 0.00464127
0.301828 0.00464127
0.301713 0.00464127
0.301589 0.00464127
0.301475 0.00464127
0.301352 0.00464127
0.301233 0.00464127
0.301102 0.00464127
0.300976 0.00464127
0.300839 0.00464127
0.300716 0.00464127
0.300601 0.00464127
0.300476 0.00464127
0.300348 0.00464127
0.300232 0.00464127
0.300103 0.00464127
0.299989 0.00464127
0.29987 0.00464127
0.299758 0.00464127
0.299648 0.00464127
0.299543 0.00464127
0.29942 0.00464127
0.299315 0.00464127
0.299188 0.00464127
0.299067 0.00464127
0.298947 0.00464127
0.298838 0.00464127
0.29873 0.00464127
0.298624 0.00464127
0.298499 0.00464127
0.298383 0.00464127
0.298259 0.00464127
0.298149 0.00464127
0.298023 0.00464127
0.297897 0.00464127
0.297767 0.00464127
0.297646 0.00464127
0.297517 0.00464127
0.297413 0.00464127
0.297287 0.00464127
0.29716 0.00464127
0.29704 0.00464127
0.29694 0.00464127
0.296818 0.00464127
0.296705 0.00464127
0.296575 0.00464127
0.296451 0.00464127
0.296334 0.00464127
0.296214 0.00464127
0.296099 0.00464127
0.29596 0.00464127
0.295832 0.00464127
0.295711 0.00464127
0.295588 0.00464127
0.295465 0.00464127
0.295343 0.00464127
0.295246 0.00464127
0.295112 0.00464127
0.29497 0.00464127
0.294819 0.00464127
0.294697 0.00464127
0.294592 0.00464127
0.294476 0.00464127
0.294363 0.00464127
0.294225 0.00464127
0.294123 0.00464127
0.293987 0.00464127
0.293882 0.00464127
0.293764 0.00464127
0.29362 0.00464127
0.293506 0.00464127
0.29338 0.00464127
0.29328 0.00464127
0.293176 0.00464127
0.293059 0.00464127
0.292926 0.00464127
0.29279 0.00464127
0.292676 0.00464127
0.292545 0.00464127
0.292428 0.00464127
0.292297 0.00464127
0.292175 0.00464127
0.292065 0.00464127
0.291932 0.00464127
0.291694 0.00464127
0.291575 0.00464127
0.291441 0.00464127
0.291326 0.00464127
0.291191 0.00464127
0.291082 0.00464127
0.290974 0.00464127
0.290869 0.00464127
0.290773 0.00444788
0.29064 0.00444788
0.290513 0.00444788
0.29041 0.00444788
0.290316 0.0042545
0.290214 0.0042545
0.290107 0.0042545
0.289985 0.0042545
0.289885 0.0042545
0.289767 0.0042545
0.289638 0.0042545
0.289526 0.0042545
0.289406 0.0042545
0.289289 0.0042545
0.289162 0.0042545
0.289017 0.0042545
0.288881 0.0042545
0.288749 0.0042545
0.288615 0.0042545
0.288486 0.0042545
0.288352 0.0042545
0.288233 0.0042545
0.288111 0.0042545
0.287988 0.0042545
0.287862 0.0042545
0.287734 0.0042545
0.287624 0.0042545
0.287489 0.0042545
0.287367 0.0042545
0.287246 0.0042545
0.287128 0.0042545
0.286992 0.0042545
0.286868 0.0042545
0.286738 0.0042545
0.286631 0.0042545
0.286513 0.0042545
0.286404 0.0042545
0.286299 0.0042545
0.286162 0.0042545
0.286017 0.0042545
0.285909 0.0042545
0.285789 0.0042545
0.285666 0.0042545
0.285526 0.0042545
0.285392 0.0042545
0.285254 0.0042545
0.285114 0.0042545
0.284993 0.0042545
0.284871 0.0042545
0.284748 0.0042545
0.284637 0.0042545
0.284523 0.0042545
0.284405 0.0042545
0.284263 0.0042545
0.284138 0.0042545
0.284012 0.0042545
0.283898 0.0042545
0.283782 0.0042545
0.283634 0.0042545
0.283502 0.0042545
0.283417 0.00406111
0.283284 0.00406111
0.283168 0.00406111
0.283062 0.00406111
0.282918 0.00406111
0.282799 0.00406111
0.282687 0.00406111
0.282576 0.00406111
0.282457 0.00406111
0.282332 0.00406111
0.282198 0.00406111
0.282074 0.00406111
0.281936 0.00406111
0.281828 0.00406111
0.281696 0.00406111
0.281583 0.00406111
0.281458 0.00406111
0.281306 0.00406111
0.281169 0.00406111
0.281055 0.00406111
0.28094 0.00406111
0.280822 0.00406111
0.280702 0.00406111
0.280579 0.00406111
0.280446 0.00406111
0.280341 0.00406111
0.280094 0.00406111
0.279973 0.00406111
0.279845 0.00406111
0.279723 0.00406111
0.279608 0.00406111
0.279511 0.00406111
0.279393 0.00406111
0.279261 0.00406111
0.279144 0.00406111
0.279037 0.00406111
0.27892 0.00406111
0.278787 0.00406111
0.278669 0.00406111
0.278547 0.00406111
0.278451 0.00386772
0.278199 0.00386772
0.278061 0.00386772
0.277957 0.00386772
0.277849 0.00386772
0.277739 0.00386772
0.2776 0.00386772
0.277496 0.00386772
0.277364 0.00386772
0.277253 0.00386772
0.277166 0.00367434
0.277049 0.00367434
0.276933 0.00367434
0.276811 0.00367434
0.276696 0.00367434
0.276558 0.00367434
0.276415 0.00367434
0.276292 0.00367434
0.276167 0.00367434
0.276059 0.00367434
0.275948 0.00367434
0.275864 0.00348095
0.275729 0.00348095
0.275612 0.00348095
0.275492 0.00348095
0.2754 0.00328757
0.275301 0.00328757
0.275171 0.00328757
0.275051 0.00328757
0.274939 0.00328757
0.274802 0.00328757
0.274684 0.00328757
0.274551 0.00328757
0.274452 0.00328757
0.274337 0.00328757
0.274194 0.00328757
0.274053 0.00328757
0.273942 0.00328757
0.273818 0.00328757
0.273692 0.00328757
0.273575 0.00328757
0.273449 0.00328757
0.273334 0.00328757
0.273218 0.00328757
0.273095 0.00328757
0.272968 0.00328757
0.27285 0.00328757
0.272714 0.00328757
0.272572 0.00328757
0.272449 0.00328757
0.272334 0.00328757
0.272218 0.00328757
0.272102 0.00328757
0.271997 0.00328757
0.271877 0.00328757
0.27175 0.00328757
0.271611 0.00328757
0.271486 0.00328757
0.271361 0.00328757
0.271235 0.00328757
0.27111 0.00328757
0.270989 0.00328757
0.27087 0.00328757
0.270753 0.00328757
0.270624 0.00328757
0.27051 0.00328757
0.270394 0.00328757
0.270267 0.00328757
0.270142 0.00328757
0.270027 0.00328757
0.269897 0.00328757
0.269767 0.00328757
0.269651 0.00328757
0.269519 0.00328757
0.269394 0.00328757
0.269273 0.00328757
0.269172 0.00328757
0.26906 0.00328757
0.268961 0.00328757
0.268833 0.00328757
0.268706 0.00328757
0.268602 0.00328757
0.268486 0.00328757
0.268376 0.00328757
0.268267 0.00328757
0.268157 0.00328757
0.268035 0.00328757
0.267915 0.00328757
0.267799 0.00328757
0.267667 0.00328757
0.267535 0.00328757
0.267422 0.00328757
0.267322 0.00328757
0.2672 0.00328757
0.26708 0.00328757
0.266956 0.00328757
0.266862 0.00309418
0.266755 0.00309418
0.266614 0.00309418
0.266493 0.00309418
0.266354 0.00309418
0.266204 0.00309418
0.26606 0.00309418
0.265941 0.00309418
0.265825 0.00309418
0.265705 0.00309418
0.265582 0.00309418
0.265456 0.00309418
0.265343 0.00309418
0.265212 0.00309418
0.265093 0.00309418
0.264971 0.00309418
0.264852 0.00309418
0.264751 0.00309418
0.264647 0.00309418
0.264538 0.00309418
0.264416 0.00309418
0.264303 0.00309418
0.264199 0.00309418
0.264065 0.00309418
0.263948 0.00309418
0.263806 0.00309418
0.2637 0.00309418
0.263569 0.00309418
0.263468 0.00309418
0.263332 0.00309418
0.263227 0.00309418
0.263102 0.00309418
0.262994 0.00309418
0.262871 0.00309418
0.26276 0.00309418
0.262649 0.00309418
0.26255 0.00309418
0.262417 0.00309418
0.262319 0.00309418
0.262205 0.00309418
0.26206 0.00309418
0.261922 0.00309418
0.261789 0.00309418
0.261664 0.00309418
0.261552 0.00309418
0.261427 0.00309418
0.261299 0.00309418
0.261173 0.00309418
0.261057 0.00309418
0.260938 0.00309418
0.260843 0.00290079
0.260725 0.00290079
0.260592 0.00290079
0.260473 0.00290079
0.260336 0.00290079
0.260193 0.00290079
0.260083 0.00290079
0.259968 0.00290079
0.259861 0.00290079
0.259726 0.00290079
0.259614 0.00290079
0.259498 0.00290079
0.259356 0.00290079
0.25925 0.00290079
0.259146 0.00290079
0.259025 0.00290079
0.25889 0.00290079
0.25877 0.00290079
0.258631 0.00290079
0.258511 0.00290079
0.258381 0.00290079
0.258256 0.00290079
0.258125 0.00290079
0.258001 0.00290079
0.257885 0.00290079
0.257754 0.00290079
0.257631 0.00290079
0.257509 0.00290079
0.257376 0.00290079
0.257259 0.00290079
0.25713 0.00290079
0.257024 0.00290079
0.256901 0.00290079
0.256787 0.00290079
0.256683 0.00290079
0.256566 0.00290079
0.256457 0.00290079
0.25633 0.00290079
0.256197 0.00290079
0.256075 0.00290079
0.255954 0.00290079
0.25583 0.00290079
0.255701 0.00290079
0.255591 0.00290079
0.255474 0.00290079
0.25536 0.00290079
0.255228 0.00290079
0.255116 0.00290079
0.254996 0.00290079
0.254872 0.00290079
0.254764 0.00290079
0.254641 0.00290079
0.254528 0.00290079
0.254408 0.00290079
0.254288 0.00290079
0.254171 0.00290079
0.254039 0.00290079
0.2539 0.00290079
0.253775 0.00290079
0.253657 0.00290079
0.25354 0.00290079
0.253405 0.00290079
0.25328 0.00290079
0.253154 0.00290079
0.253022 0.00290079
0.25292 0.00290079
0.252805 0.00290079
0.252701 0.00290079
0.252611 0.00270741
0.252506 0.00270741
0.252382 0.00270741
0.252267 0.00270741
0.252155 0.00270741
0.252017 0.00270741
0.251897 0.00270741
0.251788 0.00270741
0.25166 0.00270741
0.251535 0.00270741
0.251423 0.00270741
0.251328 0.00251402
0.251197 0.00251402
0.25108 0.00251402
0.250949 0.00251402
0.250829 0.00251402
0.250705 0.00251402
0.250585 0.00251402
0.25047 0.00251402
0.250325 0.00251402
0.250227 0.00251402
0.250112 0.00251402
0.249988 0.00251402
0.249858 0.00251402
0.249739 0.00251402
0.249604 0.00251402
0.249474 0.00251402
0.249372 0.00251402
0.249255 0.00251402
0.249136 0.00251402
0.249026 0.00251402
0.248881 0.00251402
0.24875 0.00251402
0.248637 0.00251402
0.248524 0.00251402
0.24842 0.00251402
0.248286 0.00251402
0.24818 0.00251402
0.248066 0.00251402
0.247962 0.00251402
0.24783 0.00251402
0.247717 0.00251402
0.247599 0.00251402
0.247476 0.00251402
0.247352 0.00251402
0.247223 0.00251402
0.247102 0.00251402
0.246969 0.00251402
0.246839 0.00251402
0.246727 0.00251402
0.246613 0.00251402
0.246486 0.00251402
0.246383 0.00251402
0.246258 0.00251402
0.246126 0.00251402
0.246022 0.00251402
0.24589 0.00251402
0.245769 0.00251402
0.245646 0.00251402
0.245532 0.00251402
0.245405 0.00251402
0.245288 0.00251402
0.245176 0.00251402
0.245056 0.00251402
0.244939 0.00251402
0.244821 0.00251402
0.244698 0.00251402
0.244585 0.00251402
0.244464 0.00251402
0.244345 0.00251402
0.244223 0.00251402
0.244108 0.00251402
0.243959 0.00251402
0.243827 0.00251402
0.243701 0.00251402
0.243587 0.00251402
0.243455 0.00251402
0.243351 0.00251402
0.243246 0.00251402
0.243136 0.00251402
0.243002 0.00251402
0.242868 0.00251402
0.242752 0.00251402
0.242613 0.00251402
0.242492 0.00251402
0.242353 0.00251402
0.242235 0.00251402
0.242121 0.00251402
0.241983 0.00251402
0.241864 0.00251402
0.241728 0.00251402
0.241594 0.00251402
0.241498 0.00232063
0.241378 0.00232063
0.241248 0.00232063
0.241149 0.00232063
0.241032 0.00232063
0.240924 0.00232063
0.240809 0.00232063
0.24068 0.00232063
0.240563 0.00232063
0.240458 0.00232063
0.240341 0.00232063
0.240224 0.00232063
0.240128 0.00212725
0.239998 0.00212725
0.239886 0.00212725
0.239761 0.00212725
0.239632 0.00212725
0.23951 0.00212725
0.239395 0.00212725
0.239278 0.00212725
0.239146 0.00212725
0.239014 0.00212725
0.238914 0.00212725
0.238795 0.00212725
0.238674 0.00212725
0.238553 0.00212725
0.238444 0.00212725
0.238334 0.00212725
0.238217 0.00212725
0.238089 0.00212725
0.237956 0.00212725
0.237843 0.00212725
0.237709 0.00212725
0.237588 0.00212725
0.237462 0.00212725
0.237344 0.00212725
0.237203 0.00212725
0.237082 0.00212725
0.236952 0.00212725
0.236849 0.00212725
0.23672 0.00212725
0.236598 0.00212725
0.236487 0.00212725
0.236387 0.00212725
0.236274 0.00212725
0.23615 0.00212725
0.236024 0.00212725
0.235905 0.00212725
0.235774 0.00212725
0.235659 0.00212725
0.235531 0.00212725
0.23542 0.00212725
0.235311 0.00212725
0.235179 0.00212725
0.235076 0.00212725
0.234959 0.00212725
0.23484 0.00212725
0.234715 0.00212725
0.234603 0.00212725
0.23448 0.00212725
0.234365 0.00212725
0.234226 0.00212725
0.234086 0.00212725
0.233961 0.00212725
0.233837 0.00212725
0.233705 0.00212725
0.233588 0.00212725
0.233474 0.00212725
0.23335 0.00212725
0.233227 0.00212725
0.233108 0.00212725
0.232986 0.00212725
0.232848 0.00212725
0.232737 0.00212725
0.232607 0.00212725
0.23251 0.00212725
0.232378 0.00212725
0.232266 0.00212725
0.232131 0.00212725
0.232013 0.00212725
0.231899 0.00212725
0.231772 0.00212725
0.23167 0.00212725
0.231529 0.00212725
0.231385 0.00212725
0.23127 0.00212725
0.231159 0.00212725
0.231027 0.00212725
0.230918 0.00212725
0.230813 0.00212725
0.230696 0.00212725
0.230565 0.00212725
0.230456 0.00212725
0.230359 0.00212725
0.230241 0.00212725
0.230113 0.00212725
0.22998 0.00212725
0.229857 0.00212725
0.22975 0.00212725
0.229524 0.00212725
0.2294 0.00212725
0.229269 0.00212725
0.229134 0.00212725
0.229029 0.00212725
0.228917 0.00212725
0.228791 0.00212725
0.22867 0.00212725
0.22856 0.00212725
0.228438 0.00212725
0.2283 0.00212725
0.228171 0.00212725
0.228024 0.00212725
0.227903 0.00212725
0.227777 0.00212725
0.227653 0.00212725
0.227532 0.00212725
0.227399 0.00212725
0.227296 0.00212725
0.227181 0.00212725
0.227068 0.00212725
0.226933 0.00212725
0.22682 0.00212725
0.226698 0.00212725
0.226581 0.00212725
0.226452 0.00212725
0.226333 0.00212725
0.226205 0.00212725
0.226101 0.00212725
0.225965 0.00212725
0.225841 0.00212725
0.225728 0.00212725
0.225609 0.00212725
0.225481 0.00212725
0.225364 0.00212725
0.225246 0.00212725
0.225126 0.00212725
0.224986 0.00212725
0.224872 0.00212725
0.22474 0.00212725
0.224618 0.00212725
0.224504 0.00212725
0.224384 0.00212725
0.224238 0.00212725
0.224122 0.00212725
0.223976 0.00212725
0.223863 0.00212725
0.223737 0.00212725
0.223606 0.00212725
0.223481 0.00212725
0.223375 0.00212725
0.223262 0.00212725
0.223145 0.00212725
0.223047 0.00212725
0.222922 0.00212725
0.222804 0.00212725
0.222671 0.00212725
0.222542 0.00212725
0.222432 0.00212725
0.222318 0.00212725
0.222202 0.00212725
0.222073 0.00212725
0.221932 0.00212725
0.221806 0.00212725
0.221687 0.00212725
0.221578 0.00212725
0.221453 0.00212725
0.221324 0.00212725
0.221196 0.00212725
0.221089 0.00212725
0.220972 0.00212725
0.220878 0.00193386
0.220751 0.00193386
0.220631 0.00193386
0.220507 0.00193386
0.220388 0.00193386
0.220267 0.00193386
0.220148 0.00193386
0.220012 0.00193386
0.219882 0.00193386
0.219763 0.00193386
0.219644 0.00193386
0.219535 0.00193386
0.21943 0.00193386
0.219317 0.00193386
0.219178 0.00193386
0.219059 0.00193386
0.218934 0.00193386
0.218709 0.00193386
0.2186 0.00193386
0.218504 0.00174048
0.218381 0.00174048
0.218254 0.00174048
0.218133 0.00174048
0.218008 0.00174048
0.217879 0.00174048
0.217741 0.00174048
0.217632 0.00174048
0.2175 0.00174048
0.217393 0.00174048
0.217265 0.00174048
0.217152 0.00174048
0.217019 0.00174048
0.216915 0.00174048
0.216797 0.00174048
0.216675 0.00174048
0.21654 0.00174048
0.216421 0.00174048
0.216294 0.00174048
0.216187 0.00174048
0.216074 0.00174048
0.215956 0.00174048
0.215836 0.00174048
0.21572 0.00174048
0.2156 0.00174048
0.215502 0.00174048
0.215373 0.00174048
0.215247 0.00174048
0.215131 0.00174048
0.215003 0.00174048
0.214886 0.00174048
0.214772 0.00174048
0.214663 0.00174048
0.214565 0.00174048
0.214429 0.00174048
0.2143 0.00174048
0.214188 0.00174048
0.21405 0.00174048
0.213927 0.00174048
0.213787 0.00174048
0.213666 0.00174048
0.213546 0.00174048
0.21341 0.00174048
0.213291 0.00174048
0.213162 0.00174048
0.213037 0.00174048
0.212907 0.00174048
0.212791 0.00174048
0.212666 0.00174048
0.212537 0.00174048
0.212408 0.00174048
0.212294 0.00174048
0.212158 0.00174048
0.212042 0.00174048
0.211925 0.00174048
0.211794 0.00174048
0.211663 0.00174048
0.21154 0.00174048
0.211432 0.00174048
0.211317 0.00174048
0.211174 0.00174048
0.211069 0.00174048
0.210951 0.00174048
0.210804 0.00174048
0.210683 0.00174048
0.210569 0.00174048
0.210438 0.00174048
0.210303 0.00174048
0.21017 0.00174048
0.210071 0.00174048
0.209954 0.00174048
0.20984 0.00174048
0.209719 0.00174048
0.209617 0.00174048
0.209493 0.00174048
0.209366 0.00174048
0.209252 0.00174048
0.209131 0.00174048
0.209013 0.00174048
0.208882 0.00174048
0.208762 0.00174048
0.208643 0.00174048
0.208533 0.00174048
0.208403 0.00174048
0.208265 0.00174048
0.208147 0.00174048
0.208018 0.00174048
0.207887 0.00174048
0.207765 0.00174048
0.207643 0.00174048
0.207522 0.00174048
0.207405 0.00174048
0.207306 0.00174048
0.20719 0.00174048
0.207064 0.00174048
0.206931 0.00174048
0.206811 0.00174048
0.206687 0.00174048
0.20655 0.00174048
0.20644 0.00174048
0.206315 0.00174048
0.206186 0.00174048
0.20606 0.00174048
0.205939 0.00174048
0.205811 0.00174048
0.205695 0.00174048
0.205578 0.00174048
0.20545 0.00174048
0.205322 0.00174048
0.205207 0.00174048
0.205101 0.00174048
0.204992 0.00174048
0.204879 0.00174048
0.204772 0.00174048
0.204658 0.00174048
0.204537 0.00174048
0.204417 0.00174048
0.204294 0.00174048
0.204165 0.00174048
0.204044 0.00174048
0.203931 0.00174048
0.203804 0.00174048
0.203675 0.00174048
0.203556 0.00174048
0.203436 0.00174048
0.2033 0.00174048
0.203185 0.00174048
0.203042 0.00174048
0.202911 0.00174048
0.202795 0.00174048
0.202668 0.00174048
0.20255 0.00174048
0.202448 0.00174048
0.202331 0.00174048
0.202228 0.00174048
0.202106 0.00174048
0.201997 0.00174048
0.201908 0.00154709
0.201778 0.00154709
0.20165 0.00154709
0.201534 0.00154709
0.201401 0.00154709
0.201278 0.00154709
0.201162 0.00154709
0.201052 0.00154709
0.200924 0.00154709
0.200801 0.00154709
0.200658 0.00154709
0.200542 0.00154709
0.200427 0.00154709
0.20032 0.00154709
0.200196 0.00154709
0.200063 0.00154709
0.19993 0.00154709
0.199809 0.00154709
0.19968 0.00154709
0.199569 0.00154709
0.199437 0.00154709
0.199316 0.00154709
0.199192 0.00154709
0.199073 0.00154709
0.19894 0.00154709
0.198831 0.00154709
0.198703 0.00154709
0.198579 0.00154709
0.198452 0.00154709
0.198327 0.00154709
0.198199 0.00154709
0.198068 0.00154709
0.197943 0.00154709
0.197821 0.00154709
0.197704 0.00154709
0.197583 0.00154709
0.197448 0.00154709
0.197317 0.00154709
0.197206 0.00154709
0.197093 0.00154709
0.197014 0.0013537
0.19689 0.0013537
0.196765 0.0013537
0.196637 0.0013537
0.196496 0.0013537
0.196379 0.0013537
0.196264 0.0013537
0.196139 0.0013537
0.196027 0.0013537
0.195899 0.0013537
0.195784 0.0013537
0.195642 0.0013537
0.195523 0.0013537
0.195387 0.0013537
0.195278 0.0013537
0.195179 0.0013537
0.195072 0.0013537
0.194967 0.0013537
0.194834 0.0013537
0.194706 0.0013537
0.194581 0.0013537
0.194475 0.0013537
0.194348 0.0013537
0.19423 0.0013537
0.194105 0.0013537
0.193988 0.0013537
0.193862 0.0013537
0.193743 0.0013537
0.193629 0.0013537
0.193497 0.0013537
0.193372 0.0013537
0.193266 0.0013537
0.193146 0.0013537
0.193011 0.0013537
0.192904 0.0013537
0.192782 0.0013537
0.192657 0.0013537
0.192541 0.0013537
0.192422 0.0013537
0.192304 0.0013537
0.192202 0.0013537
0.192074 0.0013537
0.19194 0.0013537
0.191812 0.0013537
0.191695 0.0013537
0.19157 0.0013537
0.191419 0.0013537
0.191294 0.0013537
0.191163 0.0013537
0.191038 0.0013537
0.190893 0.0013537
0.190772 0.0013537
0.190654 0.0013537
0.19053 0.0013537
0.190429 0.0013537
0.190313 0.0013537
0.190195 0.0013537
0.190076 0.0013537
0.189966 0.0013537
0.18984 0.0013537
0.189715 0.0013537
0.189598 0.0013537
0.18949 0.0013537
0.189359 0.0013537
0.189246 0.0013537
0.189126 0.0013537
0.189001 0.0013537
0.188879 0.0013537
0.188759 0.0013537
0.188646 0.0013537
0.188525 0.0013537
0.188408 0.0013537
0.188282 0.0013537
0.188164 0.0013537
0.188056 0.0013537
0.187949 0.0013537
0.187831 0.0013537
0.187704 0.0013537
0.187574 0.0013537
0.187441 0.0013537
0.187305 0.0013537
0.187176 0.0013537
0.187052 0.0013537
0.186942 0.0013537
0.186827 0.0013537
0.186693 0.0013537
0.186583 0.0013537
0.186459 0.0013537
0.186329 0.0013537
0.186188 0.0013537
0.18607 0.0013537
0.185941 0.0013537
0.185807 0.0013537
0.185683 0.0013537
0.185547 0.0013537
0.185423 0.0013537
0.185286 0.0013537
0.185171 0.0013537
0.18504 0.0013537
0.184912 0.0013537
0.184786 0.0013537
0.184665 0.0013537
0.18455 0.0013537
0.184429 0.0013537
0.184311 0.0013537
0.184191 0.0013537
0.184077 0.0013537
0.18397 0.0013537
0.183848 0.0013537
0.183734 0.0013537
0.183598 0.0013537
0.183494 0.0013537
0.183362 0.0013537
0.183233 0.0013537
0.183101 0.0013537
0.182968 0.0013537
0.182854 0.0013537
0.182724 0.0013537
0.182607 0.0013537
0.182495 0.0013537
0.182385 0.0013537
0.182256 0.0013537
0.182137 0.0013537
0.182003 0.0013537
0.181879 0.0013537
0.181751 0.0013537
0.181635 0.0013537
0.181524 0.0013537
0.181405 0.0013537
0.181291 0.0013537
0.181183 0.0013537
0.181055 0.0013537
0.18091 0.0013537
0.180781 0.0013537
0.18064 0.0013537
0.18054 0.0013537
0.180425 0.0013537
0.180316 0.0013537
0.180185 0.0013537
0.180074 0.0013537
0.179964 0.0013537
0.179841 0.0013537
0.17972 0.0013537
0.179603 0.0013537
0.17949 0.0013537
0.17936 0.0013537
0.17923 0.0013537
0.179109 0.0013537
0.178995 0.0013537
0.178891 0.0013537
0.178772 0.0013537
0.178664 0.0013537
0.178523 0.0013537
0.178401 0.0013537
0.178281 0.0013537
0.178151 0.0013537
0.17802 0.0013537
0.177896 0.0013537
0.17777 0.0013537
0.177649 0.0013537
0.177529 0.0013537
0.177403 0.0013537
0.17727 0.0013537
0.177143 0.0013537
0.177026 0.0013537
0.17692 0.0013537
0.176805 0.0013537
0.176674 0.0013537
0.176565 0.0013537
0.17645 0.0013537
0.176318 0.0013537
0.176216 0.0013537
0.176082 0.0013537
0.175975 0.0013537
0.175853 0.0013537
0.175733 0.0013537
0.175614 0.0013537
0.175495 0.0013537
0.175371 0.0013537
0.175229 0.0013537
0.175114 0.0013537
0.174989 0.0013537
0.174871 0.0013537
0.174756 0.0013537
0.174646 0.0013537
0.174506 0.0013537
0.174403 0.0013537
0.174277 0.0013537
0.174162 0.0013537
0.174037 0.0013537
0.173899 0.0013537
0.173775 0.0013537
0.173658 0.0013537
0.173533 0.0013537
0.17342 0.0013537
0.173299 0.0013537
0.173171 0.0013537
0.173037 0.0013537
0.172924 0.0013537
0.172819 0.0013537
0.172687 0.0013537
0.172562 0.0013537
0.172453 0.0013537
0.172319 0.0013537
0.172212 0.0013537
0.172092 0.0013537
0.171968 0.0013537
0.17185 0.0013537
0.171723 0.0013537
0.171616 0.0013537
0.171526 0.00116032
0.1714 0.00116032
0.171273 0.00116032
0.171177 0.000966931
0.171059 0.000966931
0.170929 0.000966931
0.170795 0.000966931
0.170658 0.000966931
0.170543 0.000966931
0.17042 0.000966931
0.170286 0.000966931
0.170167 0.000966931
0.17004 0.000966931
0.16991 0.000966931
0.169778 0.000966931
0.169664 0.000966931
0.169544 0.000966931
0.169432 0.000966931
0.169314 0.000966931
0.169207 0.000966931
0.169099 0.000966931
0.168988 0.000966931
0.168884 0.000966931
0.168765 0.000966931
0.168633 0.000966931
0.168511 0.000966931
0.168384 0.000966931
0.168263 0.000966931
0.168139 0.000966931
0.168033 0.000966931
0.167906 0.000966931
0.167781 0.000966931
0.16767 0.000966931
0.16755 0.000966931
0.167422 0.000966931
0.167315 0.000966931
0.167178 0.000966931
0.167056 0.000966931
0.166931 0.000966931
0.166806 0.000966931
0.166669 0.000966931
0.166559 0.000966931
0.166439 0.000966931
0.166309 0.000966931
0.166193 0.000966931
0.166085 0.000966931
0.165967 0.000966931
0.165843 0.000966931
0.165715 0.000966931
0.165604 0.000966931
0.165487 0.000966931
0.16536 0.000966931
0.165251 0.000966931
0.16512 0.000966931
0.164982 0.000966931
0.164841 0.000966931
0.164724 0.000966931
0.164609 0.000966931
0.16448 0.000966931
0.164342 0.000966931
0.164226 0.000966931
0.164101 0.000966931
0.163994 0.000966931
0.163884 0.000966931
0.16376 0.000966931
0.163637 0.000966931
0.163524 0.000966931
0.163401 0.000966931
0.163271 0.000966931
0.163134 0.000966931
0.163018 0.000966931
0.162906 0.000966931
0.162803 0.000966931
0.162704 0.000966931
0.162584 0.000966931
0.162465 0.000966931
0.162363 0.000966931
0.162251 0.000966931
0.162128 0.000966931
0.161989 0.000966931
0.161877 0.000966931
0.161764 0.000966931
0.161638 0.000966931
0.161514 0.000966931
0.161402 0.000966931
0.161269 0.000966931
0.161162 0.000966931
0.161039 0.000966931
0.160906 0.000966931
0.160781 0.000966931
0.160685 0.000773545
0.160554 0.000773545
0.160429 0.000773545
0.160316 0.000773545
0.160195 0.000773545
0.160088 0.000773545
0.159953 0.000773545
0.15982 0.000773545
0.159702 0.000773545
0.159566 0.000773545
0.159445 0.000773545
0.159341 0.000773545
0.159219 0.000773545
0.159109 0.000773545
0.158985 0.000773545
0.158854 0.000773545
0.158716 0.000773545
0.158586 0.000773545
0.158439 0.000773545
0.158316 0.000773545
0.158198 0.000773545
0.158066 0.000773545
0.157939 0.000773545
0.157811 0.000773545
0.157696 0.000773545
0.157578 0.000773545
0.157452 0.000773545
0.157344 0.000773545
0.157217 0.000773545
0.157102 0.000773545
0.156999 0.000773545
0.156868 0.000773545
0.156733 0.000773545
0.1566 0.000773545
0.156494 0.000773545
0.156376 0.000773545
0.156254 0.000773545
0.156145 0.000773545
0.156039 0.000773545
0.155926 0.000773545
0.155802 0.000773545
0.155683 0.000773545
0.155565 0.000773545
0.155453 0.000773545
0.155335 0.000773545
0.155205 0.000773545
0.155073 0.000773545
0.154954 0.000773545
0.154849 0.000773545
0.15473 0.000773545
0.15461 0.000773545
0.154486 0.000773545
0.154353 0.000773545
0.154217 0.000773545
0.154092 0.000773545
0.153978 0.000773545
0.153849 0.000773545
0.153733 0.000773545
0.153614 0.000773545
0.153479 0.000773545
0.153356 0.000773545
0.153227 0.000773545
0.153093 0.000773545
0.152963 0.000773545
0.152844 0.000773545
0.152723 0.000773545
0.152587 0.000773545
0.152465 0.000773545
0.152345 0.000773545
0.152213 0.000773545
0.152096 0.000773545
0.151967 0.000773545
0.151832 0.000773545
0.151716 0.000773545
0.151591 0.000773545
0.151476 0.000773545
0.151347 0.000773545
0.151228 0.000773545
0.151113 0.000773545
0.15101 0.000773545
0.150893 0.000773545
0.150775 0.000773545
0.150636 0.000773545
0.150506 0.000773545
0.150382 0.000773545
0.150256 0.000773545
0.15013 0.000773545
0.150001 0.000773545
0.149884 0.000773545
0.149769 0.000773545
0.149657 0.000773545
0.149532 0.000773545
0.149426 0.000773545
0.149298 0.000773545
0.149175 0.000773545
0.149042 0.000773545
0.148917 0.000773545
0.14881 0.000773545
0.148695 0.000773545
0.148586 0.000773545
0.148457 0.000773545
0.148357 0.000773545
0.148225 0.000773545
0.148113 0.000773545
0.147979 0.000773545
0.147865 0.000773545
0.147735 0.000773545
0.147631 0.000773545
0.147508 0.000773545
0.147385 0.000773545
0.147268 0.000773545
0.147151 0.000773545
0.147011 0.000773545
0.146877 0.000773545
0.146738 0.000773545
0.146625 0.000773545
0.146507 0.000773545
0.146375 0.000773545
0.146233 0.000773545
0.146124 0.000773545
0.145992 0.000773545
0.145868 0.000773545
0.145748 0.000773545
0.145632 0.000773545
0.1455 0.000773545
0.145362 0.000773545
0.145258 0.000773545
0.145121 0.000773545
0.145 0.000773545
0.144879 0.000773545
0.144762 0.000773545
0.144639 0.000773545
0.144512 0.000773545
0.144388 0.000773545
0.144298 0.000580159
0.14415 0.000580159
0.144036 0.000580159
0.143912 0.000580159
0.143797 0.000580159
0.143663 0.000580159
0.143533 0.000580159
0.143407 0.000580159
0.143266 0.000580159
0.143136 0.000580159
0.143018 0.000580159
0.142893 0.000580159
0.14276 0.000580159
0.142648 0.000580159
0.142517 0.000580159
0.142381 0.000580159
0.142262 0.000580159
0.142137 0.000580159
0.142033 0.000580159
0.141907 0.000580159
0.141785 0.000580159
0.14166 0.000580159
0.141543 0.000580159
0.141413 0.000580159
0.141286 0.000580159
0.141153 0.000580159
0.141017 0.000580159
0.14087 0.000580159
0.140749 0.000580159
0.14065 0.000580159
0.140544 0.000580159
0.140414 0.000580159
0.140296 0.000580159
0.140182 0.000580159
0.14008 0.000580159
0.139963 0.000580159
0.139834 0.000580159
0.139702 0.000580159
0.139586 0.000580159
0.13945 0.000580159
0.139326 0.000580159
0.139204 0.000580159
0.139082 0.000580159
0.138964 0.000580159
0.13884 0.000580159
0.138707 0.000580159
0.13858 0.000580159
0.13845 0.000580159
0.138328 0.000580159
0.138221 0.000580159
0.138112 0.000580159
0.137983 0.000580159
0.137872 0.000580159
0.137749 0.000580159
0.137634 0.000580159
0.137496 0.000580159
0.137378 0.000580159
0.13726 0.000580159
0.137137 0.000580159
0.137015 0.000580159
0.136903 0.000580159
0.136773 0.000580159
0.136648 0.000580159
0.136523 0.000580159
0.136382 0.000580159
0.136256 0.000580159
0.136132 0.000580159
0.136005 0.000580159
0.135873 0.000580159
0.135758 0.000580159
0.13564 0.000580159
0.135516 0.000580159
0.135418 0.000580159
0.135299 0.000580159
0.135198 0.000580159
0.135061 0.000580159
0.134943 0.000580159
0.134827 0.000580159
0.134699 0.000580159
0.134572 0.000580159
0.134451 0.000580159
0.134312 0.000580159
0.134202 0.000580159
0.134098 0.000580159
0.133976 0.000580159
0.133852 0.000580159
0.133737 0.000580159
0.133623 0.000580159
0.133506 0.000580159
0.133395 0.000580159
0.133279 0.000580159
0.13317 0.000580159
0.133044 0.000580159
0.132921 0.000580159
0.132815 0.000580159
0.132692 0.000580159
0.132571 0.000580159
0.13246 0.000580159
0.132318 0.000580159
0.1322 0.000580159
0.132078 0.000580159
0.131937 0.000580159
0.131808 0.000580159
0.131696 0.000580159
0.131573 0.000580159
0.131462 0.000580159
0.131345 0.000580159
0.13123 0.000580159
0.131104 0.000580159
0.130955 0.000580159
0.130832 0.000580159
0.130689 0.000580159
0.130555 0.000580159
0.130424 0.000580159
0.130307 0.000580159
0.130178 0.000580159
0.130054 0.000580159
0.129939 0.000580159
0.129825 0.000580159
0.12971 0.000580159
0.129575 0.000580159
0.129439 0.000580159
0.129323 0.000580159
0.12921 0.000580159
0.129093 0.000580159
0.128954 0.000580159
0.128836 0.000580159
0.12872 0.000580159
0.128598 0.000580159
0.128487 0.000580159
0.128361 0.000580159
0.12823 0.000580159
0.128101 0.000580159
0.127976 0.000580159
0.127863 0.000580159
0.127766 0.000580159
0.127638 0.000580159
0.127509 0.000580159
0.127392 0.000580159
0.127266 0.000580159
0.127156 0.000580159
0.127031 0.000580159
0.126908 0.000580159
0.126788 0.000580159
0.126651 0.000580159
0.126519 0.000580159
0.126411 0.000580159
0.126295 0.000580159
0.126174 0.000580159
0.126062 0.000580159
0.125935 0.000580159
0.125795 0.000580159
0.125675 0.000580159
0.125559 0.000580159
0.125446 0.000580159
0.125319 0.000580159
0.125196 0.000580159
0.125095 0.000580159
0.124976 0.000580159
0.124846 0.000580159
0.124725 0.000580159
0.124598 0.000580159
0.124474 0.000580159
0.124362 0.000580159
0.124242 0.000580159
0.124105 0.000580159
0.123985 0.000580159
0.123867 0.000580159
0.123741 0.000580159
0.123625 0.000580159
0.123503 0.000580159
0.123393 0.000580159
0.123265 0.000580159
0.123157 0.000580159
0.123025 0.000580159
0.122897 0.000580159
0.122772 0.000580159
0.122637 0.000580159
0.122513 0.000580159
0.12239 0.000580159
0.122277 0.000580159
0.122151 0.000580159
0.12202 0.000580159
0.121902 0.000580159
0.121776 0.000580159
0.121657 0.000580159
0.121542 0.000580159
0.121417 0.000580159
0.121301 0.000580159
0.121158 0.000580159
0.12103 0.000580159
0.120919 0.000580159
0.12079 0.000580159
0.120677 0.000580159
0.120431 0.000580159
0.120296 0.000580159
0.120178 0.000580159
0.120055 0.000580159
0.119923 0.000580159
0.119801 0.000580159
0.119678 0.000580159
0.119551 0.000580159
0.11941 0.000580159
0.1193 0.000580159
0.119171 0.000580159
0.119046 0.000580159
0.118921 0.000580159
0.118805 0.000580159
0.11869 0.000580159
0.118567 0.000580159
0.118449 0.000580159
0.118328 0.000580159
0.118198 0.000580159
0.118077 0.000580159
0.117847 0.000580159
0.117737 0.000580159
0.117624 0.000580159
0.117519 0.000580159
0.117388 0.000580159
0.117264 0.000580159
0.117138 0.000580159
0.117027 0.000580159
0.116913 0.000580159
0.116805 0.000580159
0.11667 0.000580159
0.116561 0.000580159
0.116413 0.000580159
0.116308 0.000580159
0.11618 0.000580159
0.116057 0.000580159
0.115936 0.000580159
0.115807 0.000580159
0.115697 0.000580159
0.115567 0.000580159
0.11545 0.000580159
0.115335 0.000580159
0.115219 0.000580159
0.115082 0.000580159
0.114978 0.000580159
0.114876 0.000580159
0.114764 0.000580159
0.114651 0.000580159
0.114523 0.000580159
0.11441 0.000580159
0.114303 0.000580159
0.114197 0.000580159
0.114084 0.000580159
0.113969 0.000580159
0.113865 0.000580159
0.113742 0.000580159
0.113626 0.000580159
0.113513 0.000580159
0.113387 0.000580159
0.113257 0.000580159
0.113137 0.000580159
0.113031 0.000580159
0.112905 0.000580159
0.112795 0.000580159
0.112653 0.000580159
0.112538 0.000580159
0.112418 0.000580159
0.1123 0.000580159
0.112186 0.000580159
0.112069 0.000580159
0.111945 0.000580159
0.111827 0.000580159
0.111713 0.000580159
0.111591 0.000580159
0.11148 0.000580159
0.11135 0.000580159
0.111233 0.000580159
0.111097 0.000580159
0.110982 0.000580159
0.110873 0.000580159
0.110742 0.000580159
0.110621 0.000580159
0.11049 0.000580159
0.110384 0.000580159
0.110271 0.000580159
0.110152 0.000580159
0.110031 0.000580159
0.1099 0.000580159
0.109776 0.000580159
0.109658 0.000580159
0.109532 0.000580159
0.109406 0.000580159
0.109289 0.000580159
0.109177 0.000580159
0.109041 0.000580159
0.108912 0.000580159
0.108794 0.000580159
0.108695 0.000580159
0.108567 0.000580159
0.108454 0.000580159
0.108338 0.000580159
0.108209 0.000580159
0.108081 0.000580159
0.10796 0.000580159
0.107848 0.000580159
0.107716 0.000580159
0.107607 0.000580159
0.107479 0.000580159
0.107346 0.000580159
0.107224 0.000580159
0.107111 0.000580159
0.106992 0.000580159
0.106875 0.000580159
0.10675 0.000580159
0.106628 0.000580159
0.106514 0.000580159
0.106389 0.000580159
0.106284 0.000580159
0.106175 0.000580159
0.106063 0.000580159
0.105929 0.000580159
0.1058 0.000580159
0.105678 0.000580159
0.105556 0.000580159
0.105413 0.000580159
0.105287 0.000580159
0.105044 0.000580159
0.10491 0.000580159
0.104785 0.000580159
0.104656 0.000580159
0.104522 0.000580159
0.104414 0.000580159
0.104282 0.000580159
0.10418 0.000580159
0.104055 0.000580159
0.103931 0.000580159
0.103812 0.000580159
0.103675 0.000580159
0.103562 0.000580159
0.103427 0.000580159
0.103317 0.000580159
0.10319 0.000580159
0.103059 0.000580159
0.10294 0.000580159
0.102828 0.000580159
0.102697 0.000580159
0.102576 0.000580159
0.102477 0.000580159
0.102365 0.000580159
0.102232 0.000580159
0.102099 0.000580159
0.101982 0.000580159
0.101865 0.000580159
0.101745 0.000580159
0.10163 0.000580159
0.101504 0.000580159
0.101388 0.000580159
0.10125 0.000580159
0.101114 0.000580159
0.100979 0.000580159
0.100852 0.000580159
0.100737 0.000580159
0.100633 0.000580159
0.100512 0.000580159
0.100383 0.000580159
0.100244 0.000580159
0.100119 0.000580159
0.0999962 0.000580159
0.0998625 0.000580159
0.0997309 0.000580159
0.0996176 0.000580159
0.0994933 0.000580159
0.099386 0.000580159
0.0992655 0.000580159
0.0991457 0.000580159
0.0990193 0.000580159
0.0988894 0.000580159
0.0987757 0.000580159
0.0986557 0.000580159
0.0985258 0.000580159
0.0984124 0.000580159
0.0982886 0.000580159
0.0981718 0.000580159
0.09804 0.000580159
0.0978998 0.000580159
0.0977664 0.000580159
0.0976504 0.000580159
0.0975271 0.000580159
0.0973974 0.000580159
0.097271 0.000580159
0.0971466 0.000580159
0.0970315 0.000580159
0.0968993 0.000580159
0.0967767 0.000580159
0.0966381 0.000580159
0.0965309 0.000580159
0.0964003 0.000580159
0.0962727 0.000580159
0.0961543 0.000580159
0.0960374 0.000580159
0.095905 0.000580159
0.0957924 0.000580159
0.095684 0.000580159
0.0955582 0.000580159
0.0954224 0.000580159
0.0952948 0.000580159
0.0951654 0.000580159
0.0950507 0.000580159
0.0949193 0.000580159
0.0947911 0.000580159
0.0946672 0.000580159
0.0945269 0.000580159
0.0944165 0.000580159
0.0942992 0.000580159
0.0941849 0.000580159
0.0940637 0.000580159
0.0939356 0.000580159
0.0938238 0.000580159
0.0936989 0.000580159
0.0935646 0.000580159
0.0934392 0.000580159
0.093337 0.000580159
0.0932234 0.000580159
0.0930851 0.000580159
0.0929503 0.000580159
0.0928226 0.000580159
0.0926973 0.000580159
0.0925732 0.000580159
0.0924295 0.000580159
0.0923119 0.000580159
0.0921767 0.000580159
0.0920592 0.000580159
0.0919384 0.000580159
0.0918045 0.000580159
0.0916825 0.000580159
0.0915488 0.000580159
0.0914257 0.000580159
0.0913129 0.000580159
0.0911975 0.000580159
0.0910757 0.000580159
0.090949 0.000580159
0.0908319 0.000580159
0.0907193 0.000580159
0.0905942 0.000580159
0.0904739 0.000580159
0.0903611 0.000580159
0.0902418 0.000580159
0.0901102 0.000580159
0.0899872 0.000580159
0.0898654 0.000580159
0.0897464 0.000580159
0.08964 0.000580159
0.0895135 0.000580159
0.0894261 0.000386772
0.0893216 0.000386772
0.0892135 0.000386772
0.0890935 0.000386772
0.088958 0.000386772
0.0888303 0.000386772
0.0887134 0.000386772
0.0885922 0.000386772
0.0884546 0.000386772
0.0883394 0.000386772
0.0882168 0.000386772
0.0881094 0.000386772
0.0879936 0.000386772
0.0878649 0.000386772
0.0877345 0.000386772
0.0876064 0.000386772
0.0874996 0.000386772
0.0873936 0.000386772
0.0872654 0.000386772
0.0871434 0.000386772
0.0870184 0.000386772
0.0869053 0.000386772
0.0867866 0.000386772
0.0866542 0.000386772
0.0865401 0.000386772
0.0864216 0.000386772
0.0863027 0.000386772
0.0861858 0.000386772
0.0860427 0.000386772
0.085917 0.000386772
0.0858012 0.000386772
0.0856874 0.000386772
0.0855597 0.000386772
0.0854458 0.000386772
0.0853315 0.000386772
0.0852198 0.000386772
0.0850973 0.000386772
0.0849896 0.000386772
0.0848752 0.000386772
0.0847466 0.000386772
0.0846278 0.000386772
0.0845101 0.000386772
0.0843777 0.000386772
0.0842517 0.000386772
0.0841221 0.000386772
0.0840018 0.000386772
0.0838615 0.000386772
0.0837359 0.000386772
0.083611 0.000386772
0.0835118 0.000386772
0.0834036 0.000386772
0.0832657 0.000386772
0.0831453 0.000386772
0.0829971 0.000386772
0.0828703 0.000386772
0.0827303 0.000386772
0.0826131 0.000386772
0.0824945 0.000386772
0.0823731 0.000386772
0.0822522 0.000386772
0.0821275 0.000386772
0.0819996 0.000386772
0.081858 0.000386772
0.081724 0.000386772
0.0815898 0.000386772
0.0814828 0.000386772
0.0813624 0.000386772
0.0812578 0.000386772
0.0811338 0.000386772
0.0810013 0.000386772
0.0808747 0.000386772
0.0807439 0.000386772
0.0806415 0.000386772
0.0805079 0.000386772
0.0803974 0.000386772
0.0802741 0.000386772
0.0801492 0.000386772
0.0800414 0.000386772
0.0799034 0.000386772
0.079781 0.000386772
0.0796656 0.000386772
0.0795351 0.000386772
0.0794328 0.000386772
0.0793155 0.000386772
0.0791837 0.000386772
0.079043 0.000386772
0.078926 0.000386772
0.078824 0.000386772
0.078712 0.000386772
0.0785909 0.000386772
0.0784768 0.000386772
0.0783581 0.000386772
0.0782351 0.000386772
0.078096 0.000386772
0.0779712 0.000386772
0.0778469 0.000386772
0.0777236 0.000386772
0.0776101 0.000386772
0.0774956 0.000386772
0.0773827 0.000386772
0.0772577 0.000386772
0.0771469 0.000386772
0.0770426 0.000386772
0.0769249 0.000386772
0.0767876 0.000386772
0.0766648 0.000386772
0.0765369 0.000386772
0.0764022 0.000386772
0.0762687 0.000386772
0.0761416 0.000386772
0.0760257 0.000386772
0.0759073 0.000386772
0.0757893 0.000386772
0.0756648 0.000386772
0.0755287 0.000386772
0.075404 0.000386772
0.0752743 0.000386772
0.0751589 0.000386772
0.0750419 0.000386772
0.0748957 0.000386772
0.0747775 0.000386772
0.0746583 0.000386772
0.0745255 0.000386772
0.0743987 0.000386772
0.0742667 0.000386772
0.0741351 0.000386772
0.0739903 0.000386772
0.0738604 0.000386772
0.0737388 0.000386772
0.0736229 0.000386772
0.0735029 0.000386772
0.0733889 0.000386772
0.0732711 0.000386772
0.0731611 0.000386772
0.0730304 0.000386772
0.0729181 0.000386772
0.0727982 0.000386772
0.072679 0.000386772
0.0725755 0.000386772
0.0724546 0.000386772
0.0723488 0.000386772
0.0722168 0.000386772
0.0720967 0.000386772
0.0719628 0.000386772
0.071849 0.000386772
0.0717234 0.000386772
0.071587 0.000386772
0.0714572 0.000386772
0.0713486 0.000386772
0.0712234 0.000386772
0.0711033 0.000386772
0.0709883 0.000386772
0.0708691 0.000386772
0.0707453 0.000386772
0.070621 0.000386772
0.0704999 0.000386772
0.0703738 0.000386772
0.0702575 0.000386772
0.0701327 0.000386772
0.0700158 0.000386772
0.0698927 0.000386772
0.0697651 0.000386772
0.0696553 0.000386772
0.0695308 0.000386772
0.0694143 0.000386772
0.0692848 0.000386772
0.0691546 0.000386772
0.0690515 0.000386772
0.0689359 0.000386772
0.0688171 0.000386772
0.0687182 0.000386772
0.0685991 0.000386772
0.0684652 0.000386772
0.068338 0.000386772
0.0682289 0.000386772
0.0681135 0.000386772
0.0679856 0.000386772
0.0678919 0.000193386
0.0677631 0.000193386
0.0676467 0.000193386
0.0675237 0.000193386
0.0674046 0.000193386
0.0672913 0.000193386
0.0671566 0.000193386
0.0670319 0.000193386
0.06692 0.000193386
0.0667829 0.000193386
0.0666745 0.000193386
0.0665681 0.000193386
0.066441 0.000193386
0.0663082 0.000193386
0.0661927 0.000193386
0.0660544 0.000193386
0.0659391 0.000193386
0.0658102 0.000193386
0.0656691 0.000193386
0.0655593 0.000193386
0.0654291 0.000193386
0.065299 0.000193386
0.0651854 0.000193386
0.0650646 0.000193386
0.0649389 0.000193386
0.0648044 0.000193386
0.064671 0.000193386
0.0645355 0.000193386
0.0644251 0.000193386
0.0643059 0.000193386
0.0641865 0.000193386
0.0640699 0.000193386
0.0639665 0.000193386
0.0638541 0.000193386
0.0637496 0.000193386
0.0636288 0.000193386
0.063497 0.000193386
0.0633804 0.000193386
0.0632538 0.000193386
0.0631437 0.000193386
0.0630356 0.000193386
0.0629087 0.000193386
0.062783 0.000193386
0.0626506 0.000193386
0.062527 0.000193386
0.0624161 0.000193386
0.0622987 0.000193386
0.0621826 0.000193386
0.0620461 0.000193386
0.0619099 0.000193386
0.0617845 0.000193386
0.061659 0.000193386
0.0615256 0.000193386
0.0614018 0.000193386
0.0612774 0.000193386
0.0611525 0.000193386
0.0610391 0.000193386
0.0609179 0.000193386
0.060774 0.000193386
0.0606518 0.000193386
0.060544 0.000193386
0.0604176 0.000193386
0.0602924 0.000193386
0.0601726 0.000193386
0.0600439 0.000193386
0.0599283 0.000193386
0.0597973 0.000193386
0.0596796 0.000193386
0.0595509 0.000193386
0.0594191 0.000193386
0.0593008 0.000193386
0.0591776 0.000193386
0.0590569 0.000193386
0.0589511 0.000193386
0.0588523 0.000193386
0.0587443 0.000193386
0.0586231 0.000193386
0.0585098 0.000193386
0.0583999 0.000193386
0.0582872 0.000193386
0.0581673 0.000193386
0.0580424 0.000193386
0.0579273 0.000193386
0.0578029 0.000193386
0.0576772 0.000193386
0.0575518 0.000193386
0.0574283 0.000193386
0.0572887 0.000193386
0.0571589 0.000193386
0.0570398 0.000193386
0.0568867 0.000193386
0.0567568 0.000193386
0.0566286 0.000193386
0.0565067 0.000193386
0.056378 0.000193386
0.056245 0.000193386
0.0561135 0.000193386
0.0559968 0.000193386
0.0558711 0.000193386
0.0557378 0.000193386
0.0556096 0.000193386
0.0554934 0.000193386
0.0553774 0.000193386
0.0552591 0.000193386
0.0551414 0.000193386
0.0550411 0.000193386
0.0549173 0.000193386
0.0547989 0.000193386
0.0546814 0.000193386
0.0545468 0.000193386
0.0544446 0.000193386
0.0543291 0.000193386
0.0541967 0.000193386
0.0540953 0.000193386
0.0539705 0.000193386
0.0538577 0.000193386
0.0537138 0.000193386
0.0535995 0.000193386
0.053481 0.000193386
0.053344 0.000193386
0.0532217 0.000193386
0.0530988 0.000193386
0.0529768 0.000193386
0.0528448 0.000193386
0.0527238 0.000193386
0.0526009 0.000193386
0.0524713 0.000193386
0.0523413 0.000193386
0.0522258 0.000193386
0.0520954 0.000193386
0.0519926 0.000193386
0.0518714 0.000193386
0.0517754 0
0.0516549 0
0.0515373 0
0.0514105 0
0.0512912 0
0.0511811 0
0.0510648 0
0.0509406 0
0.0508196 0
0.0506928 0
0.0505723 0
0.0504501 0
0.0503342 0
0.0502033 0
0.0500815 0
0.0499553 0
0.0498343 0
0.0497037 0
0.0495855 0
0.0494527 0
0.0493368 0
0.0492301 0
0.0491128 0
0.0489926 0
0.0488776 0
0.0487514 0
0.0486183 0
0.0484793 0
0.0483601 0
0.0482342 0
0.0481275 0
0.0480031 0
0.0478755 0
0.0477554 0
0.0476407 0
0.0475096 0
0.0473794 0
0.0472486 0
0.0471177 0
0.0470026 0
0.0468792 0
0.0467582 0
0.0466377 0
0.0465207 0
0.0463941 0
0.046279 0
0.0461558 0
0.0460236 0
0.0458813 0
0.0457447 0
0.0456222 0
0.0454949 0
0.0453734 0
0.0452593 0
0.0451302 0
0.0450041 0
0.0448812 0
0.0447693 0
0.0446541 0
0.0445359 0
0.0444246 0
0.0443047 0
0.0441786 0
0.0440562 0
0.0439165 0
0.043786 0
0.0436687 0
0.0435507 0
0.0434329 0
0.0433102 0
0.0431898 0
0.0430662 0
0.0429465 0
0.0428353 0
0.0427255 0
0.042608 0
0.0424852 0
0.0423637 0
0.0422258 0
0.042102 0
0.0419938 0
0.0418811 0
0.0417651 0
0.0416198 0
0.0415089 0
0.0413888 0
0.0412676 0
0.0411426 0
0.0410331 0
0.0409063 0
0.0407758 0
0.0406495 0
0.040538 0
0.0404221 0
0.040304 0
0.0401928 0
0.0400666 0
0.0399636 0
0.0397157 0
0.0395831 0
0.0394657 0
0.0393432 0
0.0392296 0
0.0391079 0
0.0390037 0
0.0388872 0
0.0387604 0
0.0386116 0
0.038478 0
0.038355 0
0.038223 0
0.0380952 0
0.037987 0
0.0378655 0
0.0377316 0
0.037611 0
0.0374918 0
0.0373666 0
0.0372499 0
0.0371249 0
0.0369991 0
0.0368673 0
0.0367416 0
0.0366173 0
0.036484 0
0.0363808 0
0.0362546 0
0.0361419 0
0.0360235 0
0.0358926 0
0.03575 0
0.0356408 0
0.035517 0
0.0353931 0
0.0352649 0
0.0351437 0
0.0350221 0
0.0349151 0
0.0347862 0
0.0346663 0
0.0345355 0
0.0344069 0
0.0342943 0
0.0341939 0
0.0340655 0
0.0339536 0
0.033833 0
0.0337087 0
0.0335877 0
0.0334503 0
0.0333325 0
0.0332068 0
0.0330863 0
0.032962 0
0.0328438 0
0.0327271 0
0.0325909 0
0.0324696 0
0.0323607 0
0.0322358 0
0.0321112 0
0.031993 0
0.0318696 0
0.0317529 0
0.0316446 0
0.0315256 0
0.0313998 0
0.0312897 0
0.0311575 0
0.0310409 0
0.0309247 0
0.0307832 0
0.0306693 0
0.0305338 0
0.0304131 0
0.0303079 0
0.0301788 0
0.0300543 0
0.0299356 0
0.029824 0
0.0297095 0
0.0295805 0
0.0294601 0
0.0293205 0
0.0292093 0
0.0290806 0
0.0289499 0
0.0288264 0
0.0287043 0
0.0285773 0
0.0284486 0
0.028312 0
0.0281892 0
0.0280855 0
0.02796 0
0.0278329 0
0.0277176 0
0.0275848 0
0.0274685 0
0.0273308 0
0.0272043 0
0.027074 0
0.0269474 0
0.0268317 0
0.0267015 0
0.0265792 0
0.0264456 0
0.0263117 0
0.0261774 0
0.0260457 0
0.0259118 0
0.0258066 0
0.0256903 0
0.0255506 0
0.0254168 0
0.0252842 0
0.0251635 0
0.0250368 0
0.0249069 0
0.0247901 0
0.0246624 0
0.0245345 0
0.0244164 0
0.0242945 0
0.0241729 0
0.0240523 0
0.0239223 0
0.0237937 0
0.0236799 0
0.0235539 0
0.0234299 0
0.0233014 0
0.0231926 0
0.0230737 0
0.0229491 0
0.0228237 0
0.0226984 0
0.0225578 0
0.0224287 0
0.0222916 0
0.0221565 0
0.0220298 0
0.0219009 0
0.0217697 0
0.0216449 0
0.0215098 0
0.0213839 0
0.0212559 0
0.0211368 0
0.0210043 0
0.0208767 0
0.0206476 0
0.0205367 0
0.0204106 0
0.020294 0
0.0201666 0
0.0200376 0
0.0199254 0
0.0197893 0
0.0196677 0
0.0195358 0
0.0194072 0
0.0192892 0
0.0191603 0
0.0190561 0
0.0189218 0
0.0188065 0
0.0186818 0
0.0185639 0
0.0184311 0
0.018302 0
0.0181894 0
0.0180544 0
0.0179369 0
0.0177938 0
0.0176621 0
0.0175184 0
0.0173941 0
0.0172783 0
0.0171494 0
0.017029 0
0.01691 0
0.0167872 0
0.0166708 0
0.0165295 0
0.0164147 0
0.0162853 0
0.0161578 0
0.016036 0
0.0159335 0
0.0158047 0
0.0156998 0
0.0155817 0
0.0154585 0
0.0153235 0
0.0151891 0
0.0150695 0
0.0149549 0
0.0148445 0
0.0147361 0
0.014597 0
0.0144798 0
0.0143446 0
0.0142332 0
0.0141104 0
0.0139941 0
0.0138715 0
0.0137452 0
0.0136154 0
0.0134943 0
0.0133815 0
0.0132643 0
0.0131356 0
0.0130134 0
0.0129062 0
0.0127805 0
0.0126559 0
0.0125385 0
0.0124149 0
0.0123022 0
0.0121804 0
0.0120623 0
0.0119364 0
0.0118 0
0.0116756 0
0.011553 0
0.0114216 0
0.0113057 0
0.0111753 0
0.0110474 0
0.0109049 0
0.0107876 0
0.010674 0
0.0105443 0
0.0104155 0
0.0103039 0
0.0101714 0
0.0100334 0
0.00991278 0
0.00978489 0
0.00968328 0
0.00957643 0
0.00944941 0
0.00933714 0
0.00919488 0
0.00907409 0
0.00894282 0
0.00882038 0
0.00869297 0
0.00857343 0
0.0084498 0
0.00832225 0
0.00819654 0
0.00806942 0
0.00795093 0
0.00783301 0
0.00770555 0
0.00758441 0
0.00746603 0
0.00734095 0
0.00722045 0
0.00710296 0
0.0069803 0
0.00685534 0
0.00674543 0
0.00663581 0
0.00652437 0
0.00641948 0
0.00630005 0
0.00618237 0
0.00605506 0
0.00592554 0
0.00580129 0
0.00568424 0
0.00555961 0
0.00543797 0
0.00530067 0
0.00519011 0
0.00507654 0
0.00495013 0
0.00484546 0
0.00471549 0
0.0045936 0
0.00446382 0
0.00433732 0
0.00420748 0
0.004071 0
0.00394336 0
0.00382142 0
0.003682 0
0.00356406 0
0.00344009 0
0.0033147 0
0.0031996 0
0.00308826 0
0.00296545 0
0.00285427 0
0.00272962 0
0.00261244 0
0.00249195 0
0.00235502 0
0.00223051 0
0.00209565 0
0.00197029 0
0.00184254 0
0.00171815 0
0.00159619 0
0.00147017 0
0.00134712 0
0.00122695 0
0.00110978 0
0.000988236 0
0.000863301 0
0.000748677 0
0.000615246 0
0.000491072 0
0.000363133 0
0.000236441 0
0.000105856 0
0 0
